6.371380400000000009e+03 2.499300000000000068e+02 2.236899999999999977e+01 8.724000000000000199e+00 -7.162000000000000455e+01 1.764499999999999957e+01 9.155470000000001107e+00 1.321269000000000027e+00
6.200193400000000111e+03 2.904689999999999941e+02 2.318499999999999872e+01 9.557999999999999829e+00 8.064000000000000057e+01 1.241999999999999993e+01 3.157272999999999996e+00 1.037476999999999983e+00
6.475478000000000065e+03 1.609601000000000113e+02 1.379100000000000037e+01 5.197000000000000064e+00 4.377000000000000313e+01 1.729500000000000171e+01 6.988879000000000064e-01 6.860749999999999904e-01
6.614166500000000269e+03 1.808283999999999878e+02 1.804599999999999937e+01 6.703000000000000291e+00 8.371999999999999886e+01 2.732000000000000028e+01 2.894136999999999960e-01 7.204293999999999976e-01
6.063304699999999684e+03 1.792692000000000121e+02 1.134800000000000075e+01 6.708000000000000185e+00 7.401000000000000512e+01 2.885999999999999943e+01 2.603758999999999935e-01 7.534949000000000785e-01
6.157204099999999926e+03 1.280538999999999987e+02 1.185399999999999920e+01 4.740000000000000213e+00 -7.742000000000000171e+01 2.226099999999999923e+01 2.138485999999999998e-01 6.170288999999999913e-01
6.410761199999999917e+03 2.623487000000000080e+02 1.467699999999999960e+01 9.095000000000000639e+00 7.309999999999999432e+01 1.807999999999999829e+01 1.413732999999999906e+00 6.515076000000000755e-01
5.940953599999999824e+03 4.579218000000000188e+02 1.941900000000000048e+01 7.551999999999999602e+00 -8.890000000000000568e+01 1.486100000000000065e+01 4.072270999999999752e+00 1.336628000000000149e+00
6.119769500000000335e+03 3.459137000000000057e+02 2.138100000000000023e+01 1.233999999999999986e+01 6.135000000000000142e+01 1.923699999999999832e+01 7.086587999999999887e+00 1.188491999999999882e+00
6.602565899999999601e+03 1.655126999999999953e+02 6.937999999999999723e+00 4.014999999999999680e+00 -6.342999999999999972e+01 1.456900000000000084e+01 2.391614999999999991e-01 3.915220999999999840e-01
6.332536600000000362e+03 2.747097999999999729e+02 1.321299999999999919e+01 5.272000000000000242e+00 -8.062999999999999545e+01 -4.365999999999999659e+00 4.669679999999999942e-01 5.772678999999999450e-01
6.606235399999999572e+03 2.214156000000000120e+02 1.080899999999999928e+01 8.093999999999999417e+00 -7.509000000000000341e+01 1.910900000000000176e+01 2.921533000000000047e-01 6.303860000000000019e-01
6.132237799999999879e+03 1.924759999999999991e+02 7.894999999999999574e+00 4.150000000000000355e+00 -6.077000000000000313e+01 1.745200000000000173e+01 2.972539000000000153e-01 4.305389000000000022e-01
6.190456100000000333e+03 2.261367999999999938e+02 1.304499999999999993e+01 6.070000000000000284e+00 -3.489999999999999858e+01 1.448399999999999999e+01 1.397021000000000068e+00 7.236025000000000373e-01
6.273493699999999990e+03 1.795558000000000050e+02 4.879999999999999893e+00 2.915000000000000036e+00 4.572999999999999687e+01 6.400000000000000355e+00 2.445813000000000015e-01 2.879113999999999840e-01
6.140080100000000130e+03 3.488516999999999939e+02 9.692999999999999616e+00 8.018000000000000682e+00 -7.142000000000000171e+01 1.095800000000000018e+01 7.944354999999999833e+00 7.273346000000000533e-01
6.605927700000000186e+03 2.046964999999999861e+02 5.064000000000000057e+00 2.254999999999999893e+00 -8.671999999999999886e+01 2.948999999999999844e+00 2.292429999999999746e-01 2.414884999999999948e-01
6.404139600000000428e+03 3.188548999999999864e+02 1.294800000000000040e+01 8.121000000000000441e+00 8.043000000000000682e+01 1.325200000000000067e+01 7.439064999999999150e-01 7.445971999999999591e-01
5.993077599999999620e+03 4.529254000000000246e+02 1.618599999999999994e+01 6.331999999999999851e+00 8.984999999999999432e+01 1.316399999999999970e+01 1.130867000000000067e+00 8.620446999999999971e-01
6.426196299999999610e+03 2.602117000000000075e+02 6.286999999999999922e+00 5.062999999999999723e+00 -4.614999999999999858e+01 9.589999999999999858e+00 9.876570000000001182e-01 4.471497999999999862e-01
6.251655800000000454e+03 2.928813999999999851e+02 9.980999999999999872e+00 6.054999999999999716e+00 8.729000000000000625e+01 1.023000000000000043e+01 4.996749999999999803e-01 6.366325000000000456e-01
6.163195300000000316e+03 2.453413999999999930e+02 7.977999999999999758e+00 4.488000000000000433e+00 3.743999999999999773e+01 9.805999999999999162e+00 2.374624999999999986e+00 4.773380999999999874e-01
6.419655300000000352e+03 2.283369999999999891e+02 4.495000000000000107e+00 1.681999999999999940e+00 -8.210999999999999943e+01 9.131999999999999673e+00 2.084287999999999974e-01 2.040949999999999986e-01
5.967899900000000343e+03 3.344329999999999927e+02 1.363799999999999990e+01 5.509999999999999787e+00 -8.418999999999999773e+01 1.779400000000000048e+01 1.920001999999999820e-01 6.993047000000000013e-01
6.137917000000000371e+03 2.539633000000000038e+02 9.882999999999999119e+00 4.160000000000000142e+00 -2.269000000000000128e+01 3.028600000000000136e+01 1.581754000000000104e+00 4.434078999999999660e-01
6.585647899999999936e+03 2.736021999999999821e+02 8.243999999999999773e+00 2.984999999999999876e+00 -8.675000000000000000e+01 1.026200000000000045e+01 2.081709999999999949e-01 3.735551999999999762e-01
6.380620100000000093e+03 2.565489000000000033e+02 5.647999999999999687e+00 3.394000000000000128e+00 8.793999999999999773e+01 6.586000000000000298e+00 7.226022999999999641e+00 2.992620000000000280e-01
6.162861299999999574e+03 3.229153000000000020e+02 1.229700000000000060e+01 4.524000000000000021e+00 -7.898999999999999488e+01 3.193199999999999861e+01 1.423947000000000074e+00 5.743743000000000043e-01
6.185265599999999722e+03 2.521367999999999938e+02 5.357999999999999652e+00 2.899999999999999911e+00 4.559000000000000341e+01 7.857999999999999652e+00 2.459823000000000093e+00 2.730604999999999838e-01
6.398078599999999824e+03 2.902651000000000181e+02 1.001299999999999990e+01 5.677999999999999936e+00 3.475999999999999801e+01 1.357000000000000028e+01 1.882737000000000105e+00 5.399845999999999258e-01
6.475080600000000231e+03 3.367137000000000171e+02 9.385999999999999233e+00 5.325999999999999623e+00 6.793999999999999773e+01 1.632400000000000162e+01 4.122206000000000481e-01 5.518119000000000218e-01
6.199347700000000259e+03 3.396433999999999855e+02 1.744699999999999918e+01 8.711999999999999744e+00 -3.702000000000000313e+01 3.949099999999999966e+01 8.475044999999999940e-01 6.193871999999999156e-01
6.299957500000000437e+03 2.799660999999999831e+02 5.695000000000000284e+00 2.419000000000000039e+00 -7.843999999999999773e+01 7.410999999999999588e+00 2.877260999999999846e-01 2.907906000000000102e-01
6.023205100000000130e+03 3.531974999999999909e+02 9.878999999999999559e+00 5.597000000000000419e+00 -3.371999999999999886e+01 4.977999999999999758e+00 2.454689000000000176e-01 6.651117999999999197e-01
6.321189900000000307e+03 3.226841999999999757e+02 5.948000000000000398e+00 3.375999999999999890e+00 -7.954000000000000625e+01 6.708999999999999631e+00 3.879903999999999575e-01 3.445519999999999694e-01
6.476060099999999693e+03 2.985235000000000127e+02 5.615000000000000213e+00 3.466000000000000192e+00 -5.589999999999999858e+01 1.278999999999999915e+01 2.210900999999999839e-01 3.239908000000000232e-01
7.232591800000000148e+03 3.735496999999999730e+02 6.179000000000000270e+00 2.504999999999999893e+00 -4.350000000000000000e+01 2.130399999999999849e+01 1.475698000000000010e-01 3.540916000000000063e-01
6.318178700000000390e+03 3.014250000000000114e+02 4.296999999999999709e+00 3.169999999999999929e+00 -6.011999999999999744e+01 6.274000000000000021e+00 2.931701999999999919e-01 2.775992000000000459e-01
5.968938000000000102e+03 3.992031999999999812e+02 1.112100000000000044e+01 6.621999999999999886e+00 5.764000000000000057e+01 1.065700000000000003e+01 3.902725000000000222e-01 6.277372999999999426e-01
6.109913099999999758e+03 3.208303000000000225e+02 4.451999999999999957e+00 2.580999999999999961e+00 7.968999999999999773e+01 5.557000000000000384e+00 6.927385000000000126e+00 2.406244999999999912e-01
5.817889199999999619e+03 3.296372000000000071e+02 4.966000000000000192e+00 2.053999999999999826e+00 -6.160999999999999943e+01 1.149600000000000044e+01 1.457247000000000126e-01 2.309071000000000040e-01
6.181455100000000130e+03 3.461066999999999894e+02 6.461000000000000298e+00 2.279999999999999805e+00 5.079999999999999716e+01 1.392300000000000004e+01 5.772874999999999535e-01 2.557303000000000215e-01
6.418372999999999593e+03 4.065249999999999773e+02 1.016600000000000037e+01 4.730999999999999872e+00 7.137999999999999545e+01 2.502400000000000091e+01 2.350633000000000028e-01 4.876974000000000031e-01
6.500345199999999750e+03 3.380797000000000025e+02 3.835999999999999854e+00 3.533999999999999808e+00 2.939999999999999858e+01 7.846000000000000085e+00 2.120451999999999892e-01 2.668888000000000371e-01
6.157155300000000352e+03 3.670473999999999819e+02 1.000900000000000034e+01 4.591999999999999638e+00 -1.051999999999999957e+01 9.516999999999999460e+00 4.153132999999999520e+00 5.790689999999999449e-01
6.126377400000000307e+03 4.112683999999999855e+02 1.059099999999999930e+01 4.208999999999999631e+00 -8.623000000000000398e+01 6.126999999999999780e+00 3.020591999999999722e-01 5.024220000000000352e-01
5.992208999999999833e+03 4.026784000000000106e+02 1.058399999999999963e+01 3.779999999999999805e+00 6.506000000000000227e+01 1.076699999999999946e+01 2.581206000000000333e-01 4.324696000000000096e-01
5.915243699999999990e+03 3.725267000000000053e+02 5.565000000000000391e+00 2.765000000000000124e+00 7.575000000000000000e+01 1.421700000000000053e+01 2.499929999999999930e-01 2.864610000000000212e-01
5.959703099999999722e+03 3.729076000000000022e+02 6.543999999999999595e+00 4.594999999999999751e+00 -7.350000000000000000e+01 1.005100000000000016e+01 2.415588000000000179e-01 3.807343000000000255e-01
6.146817399999999907e+03 4.114814000000000078e+02 1.103599999999999959e+01 7.019999999999999574e+00 -7.995000000000000284e+01 5.564000000000000057e+00 3.412490999999999719e-01 6.405463000000000129e-01
6.191497099999999591e+03 3.579359000000000037e+02 5.764000000000000234e+00 3.096000000000000085e+00 6.490000000000000213e+00 1.047300000000000075e+01 6.357481000000000382e-01 2.871870999999999730e-01
6.389776399999999740e+03 3.862106999999999744e+02 5.346000000000000085e+00 1.826000000000000068e+00 7.673000000000000398e+01 8.714000000000000412e+00 1.678139999999999910e-01 2.335973999999999828e-01
7.031388700000000426e+03 6.982915000000000418e+02 2.339600000000000080e+01 9.711999999999999744e+00 -7.609999999999999432e+01 1.671999999999999886e+01 5.460897000000000112e+00 1.417101999999999862e+00
6.333198199999999815e+03 4.892420999999999935e+02 6.453000000000000291e+00 4.296000000000000263e+00 4.639999999999999858e+01 9.856999999999999318e+00 1.787071999999999827e-01 4.559136999999999773e-01
6.203996600000000399e+03 5.043817999999999984e+02 6.450999999999999623e+00 4.331000000000000405e+00 -7.312000000000000455e+01 1.223900000000000077e+01 1.952023999999999981e-01 3.962807999999999886e-01
5.947234900000000380e+03 5.033956999999999766e+02 5.000000000000000000e+00 4.201999999999999957e+00 8.853000000000000114e+01 7.772999999999999687e+00 2.342462000000000155e-01 3.233472999999999486e-01
6.173096199999999953e+03 5.535126999999999953e+02 7.501000000000000334e+00 5.567000000000000171e+00 -6.621999999999999886e+01 1.434900000000000020e+01 2.094711000000000212e-01 4.671947999999999657e-01
6.467838399999999638e+03 5.964728000000000065e+02 9.531000000000000583e+00 3.464999999999999858e+00 6.682999999999999829e+01 5.266799999999999926e+01 1.722213999999999967e-01 4.172733000000000136e-01
7.180198699999999917e+03 5.508605999999999767e+02 2.968999999999999861e+00 2.411000000000000032e+00 -1.751999999999999957e+01 1.064100000000000001e+01 1.568871000000000016e-01 2.565434999999999799e-01
7.000739300000000185e+03 5.979451999999999998e+02 5.363000000000000433e+00 4.187000000000000277e+00 -2.510000000000000142e+01 1.347100000000000009e+01 1.960014000000000201e-01 3.529132999999999853e-01
7.202661100000000260e+03 6.572268000000000256e+02 7.743999999999999773e+00 3.045999999999999819e+00 -8.254000000000000625e+01 1.128100000000000058e+01 2.019248000000000154e-01 4.251843000000000150e-01
7.072522500000000036e+03 7.202290000000000418e+02 1.329800000000000004e+01 7.213000000000000078e+00 -3.310000000000000142e+01 1.337800000000000011e+01 1.114875000000000060e+00 8.024854000000000154e-01
7.165239700000000084e+03 6.946811999999999898e+02 5.344000000000000306e+00 3.396999999999999797e+00 -8.759999999999999432e+01 6.458000000000000185e+00 2.020602999999999982e-01 3.181527000000000105e-01
7.110598600000000260e+03 7.002173999999999978e+02 4.152000000000000135e+00 2.013999999999999790e+00 -5.389000000000000057e+01 5.264999999999999680e+00 2.103615999999999819e-01 2.159938999999999887e-01
7.138906200000000354e+03 7.085412000000000035e+02 4.274000000000000021e+00 3.016999999999999904e+00 -5.300999999999999801e+01 7.774000000000000021e+00 2.066238999999999992e-01 2.692198000000000091e-01
7.018547400000000380e+03 7.396944999999999482e+02 6.293000000000000149e+00 2.810000000000000053e+00 7.384999999999999432e+01 6.560999999999999943e+00 8.142960000000000198e-01 2.999572000000000349e-01
7.058911600000000362e+03 7.786965000000000146e+02 6.474999999999999645e+00 5.541999999999999815e+00 -8.176999999999999602e+01 1.287199999999999989e+01 2.054020999999999764e-01 4.386856000000000089e-01
7.053158199999999852e+03 7.403126999999999498e+02 4.400000000000000355e+00 2.560999999999999943e+00 -2.042000000000000171e+01 5.017000000000000348e+00 7.264494000000000229e-01 2.371370000000000144e-01
7.032976599999999962e+03 7.410626999999999498e+02 3.935000000000000053e+00 2.665000000000000036e+00 8.470000000000000639e+00 4.740999999999999659e+00 7.777157000000000098e-01 2.722967000000000026e-01
2.064782700000000204e+03 1.103107700000000023e+03 1.091000000000000014e+01 4.549999999999999822e+00 -4.546000000000000085e+01 2.339000000000000057e+01 2.352749000000000090e-01 5.559482000000000035e-01
2.262319300000000112e+03 1.132138500000000022e+03 8.239000000000000767e+00 4.783999999999999808e+00 -3.556000000000000227e+01 1.457000000000000028e+01 2.338552000000000131e-01 4.527046000000000125e-01
2.240905000000000200e+03 1.142066499999999905e+03 7.112000000000000099e+00 5.133000000000000007e+00 1.157000000000000028e+01 1.192699999999999960e+01 2.403778999999999777e-01 4.419965000000000144e-01
2.212385499999999865e+03 1.149550999999999931e+03 7.166999999999999815e+00 5.312999999999999723e+00 -9.310000000000000497e+00 1.304100000000000037e+01 3.083793999999999702e-01 4.803825999999999929e-01
2.185909700000000157e+03 1.158817299999999932e+03 8.457000000000000739e+00 4.150000000000000355e+00 -3.434000000000000341e+01 3.642099999999999937e+01 2.187650999999999901e-01 4.742740000000000289e-01
2.097522500000000036e+03 1.192174899999999980e+03 1.597400000000000020e+01 6.189000000000000057e+00 -1.580000000000000071e+01 3.505100000000000193e+01 3.433438999999999797e-01 8.498785999999999285e-01
2.053758299999999963e+03 1.214066199999999981e+03 1.226900000000000013e+01 5.621999999999999886e+00 -3.777000000000000313e+01 1.804899999999999949e+01 3.022685999999999984e-01 6.126251000000000335e-01
4.901577599999999620e+03 1.215592300000000023e+03 7.943999999999999950e+00 5.777999999999999581e+00 -7.190999999999999659e+01 1.376200000000000045e+01 2.313717000000000135e-01 5.053154999999999175e-01
1.952156500000000051e+03 1.284450599999999895e+03 6.193999999999999950e+00 3.431000000000000050e+00 7.767000000000000171e+01 1.350200000000000067e+01 1.723322999999999938e-01 3.867047999999999597e-01
3.849424100000000180e+03 1.862238000000000056e+03 5.822000000000000064e+00 3.382000000000000117e+00 -8.534000000000000341e+01 8.102999999999999758e+00 1.318384000000000000e+00 4.999285999999999452e-01
3.320674599999999828e+03 2.085160899999999856e+03 3.483999999999999986e+00 1.826999999999999957e+00 -8.339000000000000057e+01 4.626999999999999780e+00 3.262314000000000047e-01 1.999714999999999965e-01
4.143121600000000399e+03 2.386947299999999814e+03 1.645100000000000051e+01 1.251600000000000001e+01 6.454000000000000625e+01 2.081700000000000017e+01 2.901830000000000243e-01 9.090823999999999572e-01
4.160692399999999907e+03 2.395962199999999939e+03 4.301999999999999602e+00 3.088999999999999968e+00 -6.662999999999999545e+01 1.834700000000000131e+01 2.671897999999999773e-01 2.380135999999999918e-01
6.542009299999999712e+03 2.707082300000000032e+03 1.544599999999999973e+01 6.918999999999999595e+00 -1.309999999999999964e+01 8.547000000000000597e+00 5.778904999999999736e-01 6.531039999999999068e-01
6.605767100000000028e+03 2.693806599999999889e+03 1.657700000000000173e+01 9.615999999999999659e+00 -3.427000000000000313e+01 1.529700000000000060e+01 8.193341000000000651e-01 9.042584000000000177e-01
6.511912599999999657e+03 2.774939899999999852e+03 1.117300000000000004e+01 6.953999999999999737e+00 9.399999999999999467e-01 1.588199999999999967e+01 1.044287000000000187e+00 6.366325000000000456e-01
6.474504899999999907e+03 2.840416999999999916e+03 1.384800000000000075e+01 7.535000000000000142e+00 -6.381000000000000227e+01 1.447499999999999964e+01 1.553256999999999888e+00 8.377845999999999904e-01
6.502115700000000288e+03 2.802312500000000000e+03 1.235399999999999920e+01 5.264000000000000234e+00 -3.342000000000000171e+01 1.277399999999999913e+01 1.715245999999999826e+00 6.270734000000000030e-01
6.485771999999999935e+03 2.800697299999999814e+03 1.045100000000000051e+01 6.160000000000000142e+00 -6.821999999999999886e+01 1.300000000000000000e+01 1.522351000000000010e+00 6.136441999999999730e-01
6.530407699999999750e+03 2.783205599999999777e+03 7.451999999999999957e+00 4.165000000000000036e+00 -8.159000000000000341e+01 8.772999999999999687e+00 6.712936999999999932e-01 4.285995000000000221e-01
6.579304199999999582e+03 2.794497800000000097e+03 8.217000000000000526e+00 3.689000000000000057e+00 6.865999999999999659e+01 8.782999999999999474e+00 4.610633999999999566e-01 4.339119000000000170e-01
6.629693800000000010e+03 2.759118199999999888e+03 4.834999999999999964e+00 2.728000000000000203e+00 -6.906000000000000227e+01 9.316000000000000725e+00 6.175500000000000433e-01 2.893546000000000173e-01
6.527129399999999805e+03 2.759512700000000223e+03 4.113000000000000433e+00 3.486000000000000210e+00 1.422000000000000064e+01 5.064000000000000057e+00 5.086741000000000179e-01 2.768479000000000356e-01
6.620681199999999990e+03 2.820040800000000218e+03 8.279999999999999361e+00 7.011999999999999567e+00 -6.860000000000000320e+00 1.093999999999999950e+01 9.081156000000000228e-01 5.904662999999999995e-01
6.525941899999999805e+03 2.812404100000000199e+03 6.208000000000000185e+00 2.693999999999999950e+00 7.865000000000000568e+01 6.418000000000000149e+00 6.310983999999999483e-01 2.936416000000000026e-01
6.600787599999999657e+03 2.810137900000000172e+03 8.910999999999999588e+00 4.616999999999999993e+00 -2.064000000000000057e+01 1.099099999999999966e+01 6.090165000000000717e-01 4.310224000000000277e-01
6.643747099999999591e+03 2.831749299999999948e+03 8.093999999999999417e+00 3.702999999999999847e+00 7.962000000000000455e+01 8.387999999999999901e+00 3.614781000000000244e-01 3.673710000000000031e-01
6.518816899999999805e+03 2.855541000000000167e+03 8.509999999999999787e+00 4.312000000000000277e+00 8.750000000000000000e+01 1.169299999999999962e+01 8.710174000000000527e-01 4.786451999999999929e-01
6.475153299999999945e+03 2.881085399999999936e+03 1.024200000000000088e+01 5.089999999999999858e+00 -7.554000000000000625e+01 1.143299999999999983e+01 1.602446000000000037e+00 5.407555000000000556e-01
6.428483900000000176e+03 3.025609100000000126e+03 2.144399999999999906e+01 8.368999999999999773e+00 -7.557999999999999829e+01 2.045499999999999829e+01 1.017530000000000046e+00 9.450282999999999323e-01
6.573154800000000250e+03 2.865160400000000209e+03 8.342000000000000526e+00 4.722999999999999865e+00 -5.759000000000000341e+01 1.004800000000000004e+01 7.300271999999999872e-01 5.183370999999999951e-01
4.873296900000000278e+03 2.939116199999999935e+03 1.484900000000000020e+01 8.855000000000000426e+00 4.740000000000000213e+00 1.304700000000000060e+01 4.920393000000000683e+00 1.134519000000000055e+00
6.590333999999999833e+03 2.809936000000000149e+03 5.565000000000000391e+00 2.367999999999999883e+00 -8.339999999999999858e+00 6.046999999999999709e+00 5.407579999999999609e-01 2.318073999999999968e-01
6.435276899999999841e+03 2.870007799999999861e+03 6.198999999999999844e+00 2.416999999999999815e+00 8.057999999999999829e+01 8.051999999999999602e+00 5.533673999999999538e-01 3.341179000000000232e-01
6.682091800000000148e+03 2.891734100000000126e+03 8.820000000000000284e+00 5.233999999999999986e+00 -6.089999999999999858e+01 1.472199999999999953e+01 5.377402000000000015e-01 5.155166999999999389e-01
6.676025899999999638e+03 2.941025399999999991e+03 1.072400000000000020e+01 6.488999999999999879e+00 -6.115999999999999659e+01 1.413799999999999990e+01 1.251650999999999847e+00 6.489450999999999414e-01
6.545959499999999935e+03 2.949805899999999838e+03 1.028599999999999959e+01 6.065000000000000391e+00 -8.728000000000000114e+01 1.010399999999999920e+01 9.251308999999999783e-01 6.473384999999999279e-01
6.473002900000000409e+03 2.861498000000000047e+03 3.714999999999999858e+00 2.770000000000000018e+00 -6.554999999999999716e+01 4.964000000000000412e+00 1.424087000000000103e+00 2.327040999999999971e-01
6.498865200000000186e+03 2.913518599999999878e+03 6.580000000000000071e+00 5.586000000000000298e+00 -8.542000000000000171e+01 7.301999999999999602e+00 1.409765000000000157e+00 5.057274999999999965e-01
6.688535600000000159e+03 2.912813999999999851e+03 6.392999999999999794e+00 4.136000000000000121e+00 -8.732999999999999829e+01 9.441000000000000725e+00 6.379228000000000121e-01 3.978543999999999969e-01
6.547210399999999936e+03 2.918756800000000112e+03 9.016000000000000014e+00 6.025000000000000355e+00 3.224000000000000199e+01 8.337999999999999190e+00 8.582535000000000025e-01 5.349470000000000613e-01
6.462836900000000242e+03 2.950008100000000013e+03 1.120599999999999952e+01 4.346000000000000085e+00 -8.154000000000000625e+01 9.553000000000000824e+00 9.950969000000000619e-01 5.207422999999999913e-01
4.836696299999999610e+03 2.964256300000000010e+03 1.130599999999999916e+01 5.402999999999999581e+00 4.678999999999999915e+01 5.107000000000000206e+00 5.612854000000000454e-01 6.353225999999999596e-01
6.516445800000000418e+03 2.979291999999999916e+03 1.189100000000000001e+01 5.850999999999999979e+00 8.734999999999999432e+01 4.209999999999999964e+00 1.568192000000000030e+00 5.656046999999999603e-01
6.671127000000000407e+03 2.899871599999999944e+03 5.206999999999999851e+00 1.997999999999999998e+00 -7.481999999999999318e+01 3.726999999999999869e+00 4.401919000000000248e-01 2.281852000000000047e-01
6.537685999999999694e+03 2.911936000000000149e+03 2.879999999999999893e+00 2.036999999999999922e+00 -5.863000000000000256e+01 3.621999999999999886e+00 6.798334999999999795e-01 1.619954000000000116e-01
6.688048300000000381e+03 2.978760299999999916e+03 6.384999999999999787e+00 4.456000000000000405e+00 6.060999999999999943e+01 3.125400000000000134e+01 3.819554000000000005e-01 3.587662999999999824e-01
6.500789600000000064e+03 2.950435100000000148e+03 5.168000000000000149e+00 4.527999999999999581e+00 1.308999999999999986e+01 7.517999999999999794e+00 2.089243000000000183e+00 4.618143000000000109e-01
6.627669399999999769e+03 2.968523200000000088e+03 4.448000000000000398e+00 3.591000000000000192e+00 -8.276999999999999602e+01 1.224000000000000021e+01 5.950587000000000515e-01 3.622327000000000186e-01
6.541710900000000038e+03 3.004587399999999889e+03 7.123000000000000220e+00 6.320999999999999730e+00 -1.527999999999999936e+01 8.138999999999999346e+00 3.242021999999999959e+00 5.641298000000000146e-01
6.648779800000000250e+03 2.994827900000000227e+03 5.575000000000000178e+00 2.084000000000000075e+00 -6.792000000000000171e+01 5.902999999999999581e+00 7.846344000000000651e-01 2.432072999999999874e-01
6.523909200000000055e+03 3.009580100000000130e+03 5.971000000000000085e+00 3.569999999999999840e+00 -3.977000000000000313e+01 6.865000000000000213e+00 1.811258999999999952e+00 3.499500000000000388e-01
6.559310099999999693e+03 3.010587899999999991e+03 5.092999999999999972e+00 3.778999999999999915e+00 -1.685999999999999943e+01 6.397999999999999687e+00 2.424720000000000208e+00 3.278250999999999804e-01
4.621897899999999936e+03 4.045921600000000126e+03 1.367099999999999937e+01 1.232199999999999918e+01 7.456000000000000227e+01 1.439199999999999946e+01 2.246820999999999913e+01 1.441725999999999841e+00
4.654043499999999767e+03 3.923753900000000158e+03 1.346599999999999930e+01 6.464999999999999858e+00 -8.551999999999999602e+01 6.267999999999999794e+00 7.163290999999999409e-01 7.084771999999999181e-01
4.628536600000000362e+03 3.994469700000000103e+03 1.108900000000000041e+01 5.233999999999999986e+00 -8.082999999999999829e+01 2.004700000000000060e+01 9.931199999999998917e-01 6.078468999999999678e-01
4.672544399999999769e+03 4.041835700000000088e+03 4.791999999999999815e+00 3.686999999999999833e+00 8.442000000000000171e+01 7.403999999999999915e+00 2.268844999999999779e+00 3.893885000000000263e-01
4.606790500000000065e+03 4.098151399999999740e+03 8.221000000000000085e+00 4.897999999999999687e+00 2.917999999999999972e+01 1.005799999999999983e+01 1.477999999999999980e+00 5.227382999999999891e-01
3.771038599999999860e+03 4.242066399999999703e+03 1.600400000000000134e+01 8.183999999999999275e+00 -8.576000000000000512e+01 1.500999999999999979e+01 1.307965999999999962e+00 9.958915999999999880e-01
4.626048799999999574e+03 4.103860399999999572e+03 7.519000000000000128e+00 3.384999999999999787e+00 3.881000000000000227e+01 7.719000000000000306e+00 1.103430000000000133e+00 3.587662999999999824e-01
4.733676800000000185e+03 4.580502900000000409e+03 1.496599999999999930e+01 9.516999999999999460e+00 -8.265999999999999659e+01 1.278899999999999970e+01 1.185369999999999990e+01 1.176161000000000012e+00
4.214338399999999638e+03 4.607557099999999991e+03 1.622400000000000020e+01 6.355999999999999872e+00 -8.359999999999999432e+01 2.075600000000000023e+01 1.256763999999999992e+00 8.168900999999999524e-01
4.721222200000000157e+03 4.688400899999999638e+03 1.202500000000000036e+01 5.051999999999999602e+00 -7.964000000000000057e+01 9.458999999999999631e+00 1.391413999999999973e+01 8.576849000000000833e-01
4.337051300000000083e+03 4.717281200000000354e+03 2.684900000000000020e+01 9.194000000000000838e+00 2.282000000000000028e+01 8.699299999999999500e+01 2.909956000000000209e+00 8.651799000000000017e-01
4.796049299999999675e+03 4.745148900000000140e+03 1.002500000000000036e+01 4.517999999999999794e+00 -8.870000000000000284e+01 8.162000000000000810e+00 5.085695000000000299e+00 6.866818999999999562e-01
5.046520999999999731e+03 4.874297400000000380e+03 1.547400000000000020e+01 9.614000000000000767e+00 -8.004000000000000625e+01 1.457000000000000028e+01 3.935570000000000235e+00 1.069115000000000038e+00
4.709175799999999981e+03 4.770566899999999805e+03 1.039400000000000013e+01 7.176999999999999602e+00 7.171999999999999886e+01 9.737999999999999545e+00 1.779355000000000331e+01 8.122878999999999516e-01
4.610458499999999731e+03 4.723688500000000204e+03 1.047300000000000075e+01 6.698000000000000398e+00 -6.678000000000000114e+01 9.920999999999999375e+00 2.018001000000000378e+00 6.505478999999999568e-01
4.886478000000000065e+03 4.946637200000000121e+03 2.187600000000000122e+01 1.298000000000000043e+01 -6.549999999999999822e+00 1.698300000000000054e+01 1.281692000000000142e+01 1.611574999999999980e+00
4.507745100000000093e+03 4.842098600000000260e+03 1.425000000000000000e+01 5.277999999999999581e+00 7.725000000000000000e+01 2.002700000000000102e+01 2.148587999999999720e+00 7.279071000000000291e-01
4.787615200000000186e+03 4.807284200000000055e+03 7.581999999999999851e+00 4.514000000000000234e+00 -8.793999999999999773e+01 7.448999999999999844e+00 7.486991999999999869e+00 6.260761999999999716e-01
4.525526899999999841e+03 4.775850599999999758e+03 1.035599999999999987e+01 4.456999999999999851e+00 -7.067000000000000171e+01 1.104199999999999982e+01 4.755306000000000033e+00 5.353362000000000398e-01
4.727802200000000084e+03 4.764859400000000278e+03 8.141000000000000014e+00 4.567000000000000171e+00 6.031000000000000227e+01 9.141999999999999460e+00 7.485862000000000016e+00 4.990946999999999467e-01
4.748235800000000381e+03 4.807447299999999814e+03 1.388400000000000034e+01 9.099999999999999645e+00 6.493000000000000682e+01 2.422700000000000031e+01 2.745513000000000314e+00 7.236025000000000373e-01
4.636377000000000407e+03 5.015022899999999936e+03 2.201200000000000045e+01 7.971000000000000085e+00 7.934000000000000341e+01 1.616600000000000037e+01 6.729106000000000698e+00 9.683226999999999807e-01
4.441909200000000055e+03 4.871689000000000306e+03 1.400399999999999956e+01 5.431000000000000050e+00 8.704000000000000625e+01 1.538700000000000045e+01 2.292393000000000125e+00 7.510031000000000345e-01
4.533044399999999769e+03 4.807744099999999889e+03 1.139899999999999913e+01 4.041000000000000369e+00 6.881999999999999318e+01 1.164799999999999969e+01 3.931540000000000035e+00 5.521891999999999356e-01
4.816969199999999546e+03 4.827333499999999731e+03 6.846000000000000085e+00 4.110999999999999766e+00 -8.067000000000000171e+01 6.033000000000000362e+00 4.299094000000000193e+00 5.318232000000000514e-01
4.554640099999999620e+03 4.747861299999999574e+03 7.266000000000000014e+00 4.474999999999999645e+00 -6.599999999999999645e+00 6.057999999999999829e+00 4.060106000000000215e+00 4.764646000000000159e-01
4.594908199999999852e+03 4.908529800000000250e+03 1.629599999999999937e+01 9.388999999999999346e+00 2.676999999999999957e+01 1.670599999999999952e+01 1.863029999999999964e+00 9.296970999999999430e-01
4.539868699999999990e+03 4.762594699999999648e+03 6.471000000000000085e+00 3.023000000000000131e+00 -8.650000000000000000e+01 8.579000000000000625e+00 3.762650999999999968e+00 3.207605000000000040e-01
4.844213899999999740e+03 4.915564900000000307e+03 1.631599999999999895e+01 6.594999999999999751e+00 -6.623000000000000398e+01 1.635300000000000153e+01 5.682984999999999509e+00 8.966255000000000752e-01
4.761339799999999741e+03 4.887339399999999841e+03 9.858999999999999986e+00 6.032000000000000028e+00 8.553000000000000114e+01 9.032000000000000028e+00 1.950159000000000020e+01 7.975389999999999979e-01
4.974887200000000121e+03 4.856036600000000362e+03 1.166399999999999970e+01 5.575000000000000178e+00 -8.728000000000000114e+01 2.744000000000000128e+01 2.458369999999999944e+00 6.078468999999999678e-01
4.604837900000000445e+03 4.746144500000000335e+03 5.556000000000000050e+00 2.205000000000000071e+00 1.580000000000000071e+00 6.434999999999999609e+00 3.068576999999999888e+00 2.597705000000000153e-01
4.876119099999999889e+03 4.883117699999999786e+03 1.078400000000000070e+01 3.763999999999999790e+00 -5.613000000000000256e+01 7.562999999999999723e+00 2.284631000000000078e+00 5.199417999999998985e-01
4.661967300000000250e+03 4.888060099999999693e+03 8.537000000000000810e+00 3.722999999999999865e+00 8.915999999999999659e+01 7.748000000000000220e+00 1.029869999999999841e+01 5.337776999999999106e-01
4.458091800000000148e+03 5.043584499999999935e+03 1.996300000000000097e+01 7.511000000000000121e+00 8.628000000000000114e+01 1.721000000000000085e+01 1.972072000000000047e+00 1.001937999999999995e+00
4.868504899999999907e+03 4.852401399999999740e+03 8.705999999999999517e+00 4.629999999999999893e+00 -7.559000000000000341e+01 1.104400000000000048e+01 1.976049000000000166e+00 4.716316999999999870e-01
4.650122999999999593e+03 4.780711900000000242e+03 3.052999999999999936e+00 1.784000000000000030e+00 -7.521999999999999886e+01 3.745999999999999996e+00 2.461917000000000133e+00 1.989271999999999985e-01
4.694439500000000407e+03 4.809177200000000084e+03 4.503000000000000114e+00 2.033999999999999808e+00 -8.093000000000000682e+01 6.078999999999999737e+00 2.602446999999999733e+00 2.507961000000000218e-01
4.670332500000000437e+03 4.817015599999999722e+03 4.488999999999999879e+00 3.753000000000000114e+00 -6.193999999999999773e+01 7.642000000000000348e+00 5.149385000000000545e+00 3.823718999999999868e-01
4.702115200000000186e+03 4.897193800000000010e+03 1.276099999999999923e+01 5.325000000000000178e+00 -7.995999999999999375e+01 1.357099999999999973e+01 9.951442000000000121e+00 6.963199999999999390e-01
4.442742699999999786e+03 4.845427200000000084e+03 6.083000000000000185e+00 2.234999999999999876e+00 -7.323000000000000398e+01 6.405000000000000249e+00 1.873825000000000074e+00 2.964651000000000369e-01
4.699245100000000093e+03 4.819091800000000148e+03 3.504999999999999893e+00 1.570000000000000062e+00 -8.126999999999999602e+01 7.112000000000000099e+00 2.042476999999999876e+00 1.968220999999999998e-01
4.962698699999999917e+03 4.915938500000000204e+03 1.215300000000000047e+01 5.810999999999999943e+00 -6.812999999999999545e+01 1.554299999999999926e+01 2.720474999999999977e+00 6.682358999999999938e-01
4.689090299999999843e+03 4.824379899999999907e+03 3.850999999999999979e+00 1.300999999999999934e+00 -8.318000000000000682e+01 1.304100000000000037e+01 2.326391000000000098e+00 1.695339999999999903e-01
4.699730499999999665e+03 4.863658199999999852e+03 7.711000000000000298e+00 4.924999999999999822e+00 -2.823000000000000043e+01 8.772999999999999687e+00 2.337988000000000000e+01 5.044904999999999529e-01
4.691822799999999916e+03 4.850079600000000028e+03 5.753999999999999559e+00 4.695999999999999730e+00 -1.573000000000000043e+01 7.785999999999999588e+00 2.414289999999999736e+01 4.056307999999999581e-01
4.701064900000000307e+03 4.941117199999999684e+03 8.855000000000000426e+00 8.553000000000000824e+00 6.587999999999999545e+01 1.121899999999999942e+01 5.307719999999999771e+00 7.462735999999999814e-01
4.735866200000000390e+03 4.888216300000000047e+03 7.269999999999999574e+00 4.400000000000000355e+00 -2.430000000000000071e+01 9.167999999999999261e+00 3.718208999999999875e+00 4.803825999999999929e-01
5.078011199999999917e+03 5.248336400000000140e+03 1.479199999999999982e+01 1.178599999999999959e+01 -7.259999999999999432e+01 1.275200000000000067e+01 2.258956999999999660e+00 9.559841999999999507e-01
4.531118199999999888e+03 4.874670399999999972e+03 5.777999999999999581e+00 4.161999999999999922e+00 -1.475000000000000000e+01 8.835000000000000853e+00 2.067232000000000181e+00 4.040874999999999884e-01
4.421497999999999593e+03 4.961164999999999964e+03 1.041999999999999993e+01 6.831999999999999851e+00 7.231000000000000227e+01 1.350799999999999912e+01 1.035963999999999885e+00 6.489450999999999414e-01
4.655485399999999572e+03 4.855673300000000381e+03 2.762000000000000011e+00 2.399999999999999911e+00 -4.252000000000000313e+01 1.212899999999999956e+01 3.490876999999999786e+00 1.848159000000000052e-01
4.971040500000000065e+03 4.888129899999999907e+03 5.979000000000000092e+00 2.648000000000000131e+00 8.857999999999999829e+01 9.195000000000000284e+00 2.506899999999999906e+00 2.957618000000000191e-01
4.549976599999999962e+03 4.979020999999999731e+03 2.101300000000000168e+01 9.945999999999999730e+00 -4.165999999999999659e+01 3.463799999999999812e+01 1.998479000000000116e+00 8.186728999999999257e-01
4.588512700000000223e+03 4.977260699999999815e+03 1.162700000000000067e+01 9.295999999999999375e+00 6.456000000000000227e+01 1.905499999999999972e+01 2.838433000000000206e+00 7.933495999999999881e-01
4.550027299999999741e+03 5.010102100000000064e+03 3.621999999999999886e+01 1.835099999999999909e+01 2.501999999999999957e+01 -6.932299999999999329e+01 1.485416999999999987e+00 8.666230999999999796e-01
4.839284200000000055e+03 5.024184599999999591e+03 1.486599999999999966e+01 4.990999999999999659e+00 -6.489000000000000057e+01 1.129899999999999949e+01 4.210207999999999728e+00 7.485029999999999184e-01
4.771452100000000428e+03 4.911733400000000074e+03 5.413999999999999702e+00 2.884999999999999787e+00 -7.960999999999999943e+01 6.469000000000000306e+00 5.247844999999999871e+00 3.188066000000000511e-01
4.860006800000000112e+03 5.028122999999999593e+03 1.125799999999999912e+01 5.849999999999999645e+00 -7.034999999999999432e+01 9.740999999999999659e+00 1.015029000000000003e+01 7.395452999999999610e-01
4.952643600000000333e+03 4.918941399999999703e+03 3.986000000000000210e+00 2.899000000000000021e+00 -3.446999999999999886e+01 5.714999999999999858e+00 2.349152000000000129e+00 2.169560000000000100e-01
5.097636700000000019e+03 5.011759299999999712e+03 2.323799999999999955e+01 9.717000000000000526e+00 7.037000000000000455e+01 2.505499999999999972e+01 3.050427000000000000e+00 7.532183999999999546e-01
4.620754899999999907e+03 5.059794399999999769e+03 1.430899999999999928e+01 7.621999999999999886e+00 -5.313000000000000256e+01 1.471499999999999986e+01 5.311108999999999192e+00 8.382815999999999601e-01
4.620554699999999684e+03 4.970081100000000333e+03 6.543000000000000149e+00 4.910999999999999588e+00 3.888000000000000256e+01 1.080700000000000038e+01 2.445081000000000060e+00 3.724383999999999473e-01
4.617659700000000157e+03 5.026476099999999860e+03 1.213299999999999912e+01 5.479000000000000092e+00 -5.588000000000000256e+01 1.823400000000000176e+01 2.756025999999999865e+00 5.670757000000000714e-01
4.612300799999999981e+03 4.985701200000000426e+03 3.817000000000000171e+00 3.164000000000000146e+00 7.521999999999999886e+01 5.857999999999999652e+00 3.314082999999999668e+00 2.540961999999999943e-01
5.092145999999999731e+03 5.058745600000000195e+03 1.140099999999999980e+01 8.585000000000000853e+00 -2.257999999999999829e+01 1.292300000000000004e+01 4.829629000000000616e+00 8.518369000000000080e-01
4.529618699999999990e+03 5.096130900000000111e+03 2.128999999999999915e+01 7.389000000000000234e+00 -5.567000000000000171e+01 7.568999999999999950e+00 1.112497000000000069e+00 6.102406999999999693e-01
4.570164999999999964e+03 5.087010299999999916e+03 1.263199999999999967e+01 9.121000000000000441e+00 -4.190000000000000391e+00 1.423199999999999932e+01 2.305544000000000260e+00 8.347959999999999825e-01
4.531195300000000316e+03 5.050277299999999741e+03 4.799999999999999822e+00 3.572000000000000064e+00 -7.178000000000000114e+01 5.059000000000000163e+00 7.703070999999999113e-01 3.233472999999999486e-01
4.464357899999999972e+03 5.108936499999999796e+03 1.240000000000000036e+01 5.929999999999999716e+00 -3.096000000000000085e+01 1.633599999999999852e+01 7.117570000000000841e-01 6.064747999999999806e-01
4.762328099999999722e+03 5.190113800000000083e+03 9.404999999999999361e+00 7.318999999999999950e+00 4.945000000000000284e+01 9.816000000000000725e+00 1.393214999999999870e+00 6.719656000000000518e-01
4.595151899999999841e+03 5.058231399999999667e+03 4.041999999999999815e+00 2.951000000000000068e+00 -8.000000000000000444e-01 6.570000000000000284e+00 2.494322000000000372e+00 2.540961999999999943e-01
5.007978000000000065e+03 5.215225599999999758e+03 1.473399999999999999e+01 6.025000000000000355e+00 -8.100000000000000000e+01 1.549799999999999933e+01 1.237328999999999901e+00 6.836420999999999193e-01
5.072225099999999657e+03 5.205927200000000084e+03 1.201099999999999923e+01 8.410000000000000142e+00 6.562999999999999545e+01 1.693400000000000105e+01 1.256315999999999988e+00 7.429170999999999969e-01
4.735903299999999945e+03 5.192731399999999667e+03 5.424999999999999822e+00 5.189000000000000057e+00 5.295000000000000284e+01 9.227999999999999758e+00 1.374433000000000016e+00 4.676404000000000116e-01
5.043454099999999926e+03 5.219520000000000437e+03 6.290000000000000036e+00 5.709999999999999964e+00 -6.102000000000000313e+01 1.064899999999999913e+01 1.189826000000000050e+00 4.522443000000000435e-01
5.056072299999999814e+03 5.222717800000000352e+03 5.826999999999999957e+00 2.995999999999999996e+00 -5.624000000000000199e+01 6.841000000000000192e+00 1.117546000000000150e+00 2.864610000000000212e-01
5.053000500000000102e+03 5.235506800000000112e+03 4.225999999999999979e+00 2.407999999999999918e+00 -7.043000000000000682e+01 4.807000000000000384e+00 1.026185999999999821e+00 2.254303000000000001e-01
4.726486799999999675e+03 5.318508300000000418e+03 5.113999999999999879e+00 3.505999999999999783e+00 8.732999999999999829e+01 5.360000000000000320e+00 3.197415999999999592e+00 4.142676000000000136e-01
6.848651399999999740e+03 5.493289999999999964e+03 1.623000000000000043e+01 9.160000000000000142e+00 -4.539000000000000057e+01 2.874899999999999878e+01 4.406707999999999736e-01 8.666230999999999796e-01
4.409798799999999574e+03 5.493632800000000316e+03 1.375500000000000078e+01 9.086999999999999744e+00 -8.992000000000000171e+01 1.648499999999999943e+01 5.430609000000000686e-01 8.987136000000000013e-01
6.797562500000000000e+03 5.472454600000000028e+03 1.067900000000000027e+01 7.644999999999999574e+00 8.392000000000000171e+01 1.188799999999999990e+01 4.842596999999999596e-01 6.815061999999999509e-01
4.584684100000000399e+03 5.657325700000000325e+03 1.280000000000000071e+01 5.464999999999999858e+00 -8.756999999999999318e+01 4.060199999999999676e+01 5.394508999999999554e-01 6.210662000000000127e-01
4.664199700000000121e+03 5.651207000000000335e+03 1.408000000000000007e+01 5.068999999999999950e+00 -6.612999999999999545e+01 5.085399999999999920e+01 6.720509000000000066e-01 6.559679000000000482e-01
4.869064000000000306e+03 5.612342800000000352e+03 6.586999999999999744e+00 6.217999999999999972e+00 6.873999999999999488e+01 8.406000000000000583e+00 1.377135999999999916e+00 5.865734000000000226e-01
4.787675799999999981e+03 5.728172899999999572e+03 8.446999999999999176e+00 5.833999999999999631e+00 -8.001000000000000512e+01 8.336000000000000298e+00 1.672335999999999956e+01 7.353086999999999263e-01
4.122276399999999740e+03 5.712495600000000195e+03 1.062599999999999945e+01 5.831999999999999851e+00 -7.804999999999999716e+01 1.327899999999999991e+01 5.509278000000000786e-01 5.563226999999999478e-01
4.307318400000000111e+03 5.783974599999999555e+03 1.484900000000000020e+01 8.096000000000000085e+00 -8.810999999999999943e+01 5.754200000000000159e+01 5.445294999999999996e-01 7.448768999999999529e-01
4.624345199999999750e+03 5.713948699999999917e+03 6.855000000000000426e+00 3.673000000000000043e+00 -8.395000000000000284e+01 2.948900000000000077e+01 5.563356999999999886e-01 3.662353999999999887e-01
4.518105999999999767e+03 5.892873999999999796e+03 1.742800000000000082e+01 6.894000000000000128e+00 -5.864000000000000057e+01 1.564000000000000057e+01 7.233398000000000216e+00 9.711147999999999447e-01
4.580850599999999758e+03 5.848785200000000259e+03 2.606700000000000017e+01 1.082900000000000063e+01 -3.028000000000000114e+01 1.910200000000000031e+01 7.911807999999999730e+00 1.247987000000000180e+00
4.761982899999999972e+03 5.801002400000000307e+03 1.180000000000000071e+01 5.344000000000000306e+00 6.451999999999999602e+01 6.745000000000000107e+00 1.030086000000000013e+01 6.960207999999999950e-01
4.699789999999999964e+03 5.795189500000000407e+03 2.096000000000000085e+01 1.100200000000000067e+01 2.580000000000000071e+01 1.580300000000000082e+01 6.024067999999999756e+00 1.084204000000000168e+00
4.120459499999999935e+03 5.797292499999999563e+03 1.199399999999999977e+01 4.868999999999999773e+00 -7.101999999999999602e+01 1.966799999999999926e+01 5.966666000000000469e-01 5.069614999999999538e-01
4.638601599999999962e+03 5.895335000000000036e+03 1.906299999999999883e+01 1.181099999999999994e+01 7.768000000000000682e+01 2.527700000000000102e+01 7.839888999999999442e+00 1.263247999999999927e+00
4.052592799999999897e+03 5.752012700000000223e+03 9.156000000000000583e+00 4.942000000000000171e+00 -5.021000000000000085e+01 1.210200000000000031e+01 7.433233999999999675e-01 5.274976999999999583e-01
4.887639600000000428e+03 5.748795399999999972e+03 6.583999999999999631e+00 3.967000000000000082e+00 -8.907999999999999829e+01 6.352000000000000313e+00 1.226950999999999903e+00 4.527046000000000125e-01
4.366770000000000437e+03 5.941894000000000233e+03 2.114099999999999824e+01 8.015000000000000568e+00 7.487000000000000455e+01 1.762699999999999889e+01 9.306549000000000627e-01 9.620650000000000590e-01
4.117183600000000297e+03 5.727907699999999750e+03 4.506000000000000227e+00 2.289000000000000146e+00 -6.163000000000000256e+01 5.671999999999999709e+00 5.442029000000000449e-01 2.140567000000000164e-01
4.768097700000000259e+03 5.775035600000000159e+03 6.192000000000000171e+00 4.578000000000000291e+00 6.490000000000000568e+01 6.947000000000000064e+00 3.738836000000000048e+00 4.777741999999999822e-01
4.864350099999999657e+03 5.900719199999999546e+03 1.436599999999999966e+01 6.158000000000000362e+00 8.443999999999999773e+01 7.884000000000000341e+00 7.472406000000000326e-01 7.557030000000000136e-01
4.791411600000000362e+03 5.774271999999999935e+03 5.607999999999999652e+00 4.121000000000000441e+00 -8.495000000000000284e+01 2.674800000000000111e+01 5.561894000000000560e-01 3.475613000000000175e-01
4.759890099999999620e+03 5.888581500000000233e+03 1.411100000000000065e+01 9.595000000000000639e+00 -2.633999999999999986e+01 1.776599999999999824e+01 4.151985000000000703e+00 9.127406999999999604e-01
4.674542999999999665e+03 5.832852499999999964e+03 6.839000000000000412e+00 3.357000000000000206e+00 7.065999999999999659e+01 2.689199999999999946e+01 2.132387999999999728e+00 3.807343000000000255e-01
4.735049299999999675e+03 6.049805199999999786e+03 1.281700000000000017e+01 8.794000000000000483e+00 -7.218999999999999773e+01 1.091999999999999993e+01 1.689832000000000178e+01 1.200869999999999882e+00
4.728373999999999796e+03 5.779922899999999572e+03 5.488999999999999879e+00 2.976999999999999869e+00 4.971999999999999886e+01 7.703000000000000291e+00 7.525932000000000732e-01 3.252739000000000047e-01
4.432668899999999667e+03 5.927376000000000204e+03 1.211599999999999966e+01 7.413000000000000256e+00 -8.062999999999999545e+01 8.288000000000000256e+00 7.064494000000000051e-01 5.890537000000000134e-01
4.551195800000000418e+03 5.887018600000000333e+03 1.555499999999999972e+01 5.745000000000000107e+00 -4.742999999999999972e+01 1.650799999999999912e+01 6.977182999999999247e+00 7.333233000000000112e-01
4.403479500000000371e+03 6.043254399999999805e+03 1.742800000000000082e+01 8.204000000000000625e+00 5.232000000000000028e+01 1.960800000000000054e+01 8.602345999999999604e-01 9.403887000000000773e-01
4.743844199999999546e+03 5.854219699999999648e+03 1.054899999999999949e+01 3.615000000000000213e+00 8.037999999999999545e+01 -1.264700000000000024e+01 2.065366999999999731e+00 4.261629000000000111e-01
4.718929199999999582e+03 5.837292499999999563e+03 8.676000000000000156e+00 4.988999999999999879e+00 -8.290999999999999659e+01 1.136700000000000088e+01 5.054257000000000666e+00 4.944831000000000087e-01
4.646075200000000223e+03 5.797906200000000354e+03 9.778000000000000469e+00 3.396999999999999797e+00 -1.651999999999999957e+01 1.247600000000000087e+01 4.682355000000000267e+00 4.448147999999999547e-01
4.732098600000000260e+03 5.810926300000000083e+03 5.291000000000000369e+00 2.197999999999999954e+00 8.085999999999999943e+01 8.986000000000000654e+00 3.349775000000000169e+00 2.335973999999999828e-01
4.695856899999999769e+03 5.842542999999999665e+03 7.764000000000000234e+00 5.748999999999999666e+00 -4.532999999999999829e+01 1.439700000000000024e+01 2.525307000000000190e+00 4.881243000000000110e-01
4.800804199999999582e+03 5.901293899999999667e+03 1.482199999999999918e+01 6.431000000000000050e+00 -5.092000000000000171e+01 4.495199999999999818e+01 2.154546999999999990e+00 6.068181000000000269e-01
4.825072299999999814e+03 5.870453099999999722e+03 7.876000000000000334e+00 5.839000000000000412e+00 -4.195000000000000284e+01 8.917999999999999261e+00 7.947986999999999691e-01 4.936400000000000787e-01
4.802179699999999684e+03 5.934850599999999758e+03 1.249699999999999989e+01 5.375000000000000000e+00 -7.265000000000000568e+01 1.472499999999999964e+01 3.071225999999999789e+00 6.769066000000000249e-01
4.605828099999999722e+03 5.867466800000000148e+03 1.024200000000000088e+01 4.972999999999999865e+00 -2.648000000000000043e+01 1.292200000000000060e+01 5.982755000000000045e+00 5.465021999999999380e-01
4.781474100000000362e+03 5.868007800000000316e+03 6.028999999999999915e+00 3.560999999999999943e+00 6.406000000000000227e+01 9.048999999999999488e+00 2.351160000000000139e+00 3.707570000000000032e-01
4.653045900000000074e+03 5.840123499999999694e+03 3.555000000000000160e+00 1.387999999999999901e+00 -5.771999999999999886e+01 1.354199999999999982e+01 9.545979999999999466e-01 1.695339999999999903e-01
4.477417999999999665e+03 5.894989700000000084e+03 8.367000000000000881e+00 3.629999999999999893e+00 -7.554999999999999716e+01 1.211100000000000065e+01 8.138379999999999503e-01 4.372590000000000088e-01
4.535217300000000250e+03 5.968959499999999935e+03 8.608000000000000540e+00 4.318999999999999950e+00 -5.904999999999999716e+01 1.731400000000000006e+01 1.152123000000000008e+00 4.480803999999999898e-01
4.458507300000000214e+03 5.904272500000000036e+03 7.625000000000000000e+00 5.336000000000000298e+00 -5.970000000000000284e+01 1.548600000000000065e+01 9.690185000000000048e-01 5.151125000000000842e-01
4.762311999999999898e+03 5.908576699999999619e+03 1.085299999999999976e+01 5.732000000000000206e+00 5.932999999999999829e+01 1.510999999999999943e+01 4.043431999999999249e+00 5.689090999999999454e-01
4.585233900000000176e+03 5.871533199999999852e+03 5.870000000000000107e+00 3.509999999999999787e+00 -5.767000000000000171e+01 8.483999999999999986e+00 5.750582999999999778e+00 3.220564999999999678e-01
4.556747099999999591e+03 5.871806599999999889e+03 4.171000000000000263e+00 1.838000000000000078e+00 -3.850000000000000000e+01 4.907000000000000028e+00 5.385995999999999562e+00 1.903672000000000142e-01
4.740519500000000335e+03 5.981202599999999620e+03 1.121400000000000041e+01 4.368000000000000327e+00 -3.857999999999999829e+01 1.041499999999999915e+01 2.147879000000000094e+00 5.457395000000000440e-01
4.807926300000000083e+03 5.882161100000000260e+03 4.639000000000000234e+00 2.899000000000000021e+00 4.725999999999999801e+01 8.570999999999999730e+00 8.146048999999999651e-01 2.549145999999999912e-01
4.791342800000000352e+03 6.024281200000000354e+03 1.884400000000000119e+01 6.806000000000000050e+00 -4.935000000000000142e+01 1.759799999999999898e+01 2.582612000000000130e+00 8.535466999999999915e-01
4.793135299999999916e+03 5.969741699999999582e+03 1.135299999999999976e+01 8.178000000000000824e+00 -3.785000000000000142e+01 1.133500000000000085e+01 3.098870000000000235e+00 7.230265999999999638e-01
4.680195800000000418e+03 5.922348600000000260e+03 6.535000000000000142e+00 4.636999999999999567e+00 -4.625000000000000000e+01 9.913999999999999702e+00 6.213337999999999361e+00 4.424674000000000107e-01
4.721659700000000157e+03 5.917231899999999769e+03 5.543000000000000149e+00 2.777000000000000135e+00 7.843000000000000682e+01 1.796699999999999875e+01 1.427815000000000056e+00 2.893546000000000173e-01
4.474895000000000437e+03 5.924421900000000278e+03 7.432999999999999829e+00 4.753999999999999559e+00 -1.714999999999999858e+01 1.039000000000000057e+01 1.485774999999999846e+00 4.676404000000000116e-01
4.626993699999999990e+03 5.946667999999999665e+03 7.238000000000000433e+00 6.389000000000000234e+00 -6.837000000000000455e+01 1.978800000000000026e+01 2.938093000000000288e+00 5.365021000000000928e-01
4.574938500000000204e+03 5.926377900000000409e+03 4.475999999999999979e+00 3.712000000000000188e+00 -4.590999999999999659e+01 7.519999999999999574e+00 1.924547000000000008e+00 3.475613000000000175e-01
4.581112299999999777e+03 5.949564900000000307e+03 6.379999999999999893e+00 4.171000000000000263e+00 6.992000000000000171e+01 2.635300000000000153e+01 1.106308999999999987e+00 4.061440000000000050e-01
3.207022899999999936e+03 6.105204600000000028e+03 1.645400000000000063e+01 5.503000000000000114e+00 -8.690999999999999659e+01 1.592900000000000027e+01 1.095085000000000086e+00 7.565293000000000712e-01
4.457404300000000148e+03 5.940369099999999889e+03 4.634000000000000341e+00 3.463000000000000078e+00 -8.100000000000000000e+01 4.286999999999999922e+00 6.628754999999999509e-01 2.999572000000000349e-01
4.591124499999999898e+03 5.930307600000000093e+03 8.810000000000000497e+00 3.799999999999999822e+00 8.570000000000000284e+00 2.492999999999999883e+00 2.044105000000000061e+00 4.559136999999999773e-01
4.423747599999999693e+03 6.015193400000000111e+03 1.291399999999999970e+01 5.208000000000000185e+00 4.029999999999999716e+01 1.347300000000000075e+01 1.219126000000000154e+00 6.676121999999999890e-01
4.441679199999999582e+03 5.973860800000000381e+03 8.631999999999999673e+00 3.120999999999999996e+00 6.501999999999999602e+01 9.032999999999999474e+00 6.672951999999999773e-01 3.994217999999999935e-01
4.651452100000000428e+03 5.947651899999999841e+03 6.520999999999999908e+00 3.080000000000000071e+00 -5.064000000000000057e+01 2.091100000000000136e+01 2.162087999999999788e+00 3.284598000000000240e-01
4.667884299999999712e+03 5.926590299999999843e+03 3.161000000000000032e+00 2.669000000000000039e+00 -4.468999999999999773e+01 5.073999999999999844e+00 5.485090999999999717e+00 2.071338000000000068e-01
4.515022500000000036e+03 5.976200700000000325e+03 8.509999999999999787e+00 3.637999999999999901e+00 -5.064999999999999858e+01 3.430100000000000193e+01 9.615434999999999954e-01 4.237121999999999833e-01
4.805304199999999582e+03 5.970830100000000130e+03 7.621999999999999886e+00 2.762000000000000011e+00 -8.956000000000000227e+01 1.041999999999999993e+01 2.694821000000000133e+00 3.207605000000000040e-01
4.465815899999999601e+03 5.998222200000000157e+03 1.531900000000000084e+01 7.826999999999999957e+00 1.371000000000000085e+01 5.960999999999999943e+01 7.970457000000000791e-01 6.277372999999999426e-01
4.377075700000000325e+03 5.980627900000000409e+03 5.201999999999999957e+00 2.697000000000000064e+00 8.815000000000000568e+01 7.942999999999999616e+00 4.332718999999999876e-01 2.613692000000000237e-01
4.516374499999999898e+03 6.008039099999999962e+03 8.393000000000000682e+00 6.174999999999999822e+00 -3.270000000000000284e+01 1.298199999999999932e+01 3.722398000000000096e+00 5.758229000000000264e-01
4.400193800000000010e+03 5.992902299999999741e+03 5.915000000000000036e+00 3.855999999999999872e+00 -8.801999999999999602e+01 7.807999999999999829e+00 5.997143999999999808e-01 3.679374999999999729e-01
4.422729500000000371e+03 6.101695800000000418e+03 1.788100000000000023e+01 8.662000000000000810e+00 -6.617000000000000171e+01 2.077799999999999869e+01 6.182933999999999930e-01 8.362915999999999128e-01
4.618772899999999936e+03 5.968077599999999620e+03 4.828000000000000291e+00 2.979000000000000092e+00 -5.767000000000000171e+01 1.679299999999999926e+01 1.794931000000000054e+00 3.108682999999999863e-01
5.233948199999999815e+03 6.005499499999999898e+03 8.503999999999999559e+00 5.107999999999999652e+00 -2.253000000000000114e+01 5.863000000000000433e+00 3.980192999999999870e+00 6.061312999999999285e-01
4.011015400000000227e+03 6.211531699999999546e+03 2.433899999999999864e+01 9.151999999999999247e+00 -5.382999999999999829e+01 1.765099999999999980e+01 1.303400000000000070e+01 1.318586000000000036e+00
4.386514199999999619e+03 6.012455600000000231e+03 7.730999999999999872e+00 5.211999999999999744e+00 4.707999999999999829e+01 1.050799999999999912e+01 8.941641999999999646e-01 4.982593999999999634e-01
4.522504399999999805e+03 6.026362299999999777e+03 1.197799999999999976e+01 7.333000000000000185e+00 1.751999999999999957e+01 1.035800000000000054e+01 3.768974000000000046e+00 7.699008999999999991e-01
4.038125000000000000e+03 6.105456500000000233e+03 1.549300000000000033e+01 7.467999999999999972e+00 -5.559000000000000341e+01 1.221400000000000041e+01 5.236564000000000219e-01 7.207183999999999813e-01
4.815868199999999888e+03 6.040853500000000167e+03 1.060299999999999976e+01 8.992000000000000881e+00 -3.611999999999999744e+01 4.890599999999999881e+01 7.871268999999999627e-01 6.247441999999999718e-01
3.077031199999999899e+03 6.021015099999999620e+03 1.388199999999999967e+01 9.034000000000000696e+00 -3.675000000000000000e+01 5.124799999999999756e+01 5.371644999999999337e-01 5.278924000000000394e-01
4.354523900000000140e+03 6.039415500000000065e+03 1.391699999999999982e+01 6.275000000000000355e+00 -2.285999999999999943e+01 2.414999999999999858e+01 5.177796000000000065e-01 6.033760999999999708e-01
5.436687500000000000e+03 6.068811499999999796e+03 1.050999999999999979e+01 7.727999999999999758e+00 -5.627000000000000313e+01 9.791000000000000369e+00 5.058923000000000059e+00 7.592773000000000438e-01
4.608584499999999935e+03 6.042782699999999750e+03 1.495500000000000007e+01 5.647999999999999687e+00 -1.639999999999999858e+01 1.991900000000000048e+01 3.767158000000000229e+00 7.333233000000000112e-01
4.722739700000000084e+03 5.991348600000000260e+03 4.394999999999999574e+00 2.107000000000000206e+00 -6.590000000000000568e+01 6.817999999999999616e+00 2.356033999999999740e+00 2.245044999999999957e-01
3.121725600000000213e+03 5.987192399999999907e+03 3.592000000000000082e+00 3.007000000000000117e+00 -8.642000000000000171e+01 7.508000000000000007e+00 3.506763999999999992e-01 2.589674999999999616e-01
3.087601599999999962e+03 6.000829099999999926e+03 5.690000000000000391e+00 3.452999999999999847e+00 -3.638000000000000256e+01 1.675000000000000000e+01 3.161778000000000088e-01 3.214091000000000031e-01
4.439563500000000204e+03 5.993418899999999667e+03 3.511000000000000121e+00 2.773000000000000131e+00 -4.771999999999999886e+01 6.054999999999999716e+00 6.734362999999999877e-01 2.449139999999999928e-01
4.454275899999999638e+03 6.025418899999999667e+03 1.183699999999999974e+01 5.059000000000000163e+00 1.391000000000000014e+01 1.079299999999999926e+01 1.375019999999999909e+00 5.681764000000000259e-01
4.714867199999999684e+03 5.993886700000000019e+03 3.956999999999999851e+00 2.225000000000000089e+00 -5.135999999999999943e+01 6.216000000000000192e+00 2.360753000000000323e+00 2.130814000000000041e-01
4.973875000000000000e+03 6.063810099999999693e+03 7.884999999999999787e+00 5.256000000000000227e+00 7.034000000000000341e+01 1.658299999999999841e+01 4.541953000000000240e-01 4.838386000000000076e-01
3.036268300000000181e+03 6.092911100000000260e+03 1.081700000000000017e+01 4.501999999999999780e+00 7.793999999999999773e+01 9.955999999999999517e+00 2.322820000000000107e+00 5.840826999999999547e-01
4.520563000000000102e+03 6.071196299999999610e+03 1.044800000000000040e+01 4.435999999999999943e+00 5.742000000000000171e+01 3.887500000000000000e+01 5.428779999999999717e-01 4.694185000000000163e-01
4.655427700000000186e+03 6.067132300000000214e+03 1.033399999999999963e+01 4.075999999999999623e+00 3.542999999999999972e+01 1.187400000000000055e+01 1.696104999999999974e+00 5.118676999999999255e-01
4.758349599999999555e+03 6.023856399999999667e+03 6.065999999999999837e+00 2.125999999999999890e+00 -3.478000000000000114e+01 7.631999999999999673e+00 2.056003000000000025e+00 2.499642999999999726e-01
3.050629399999999805e+03 6.110041500000000269e+03 9.932000000000000384e+00 4.950999999999999623e+00 8.679999999999999716e+01 9.180999999999999162e+00 2.172149999999999803e+00 5.901135000000000685e-01
4.921565899999999601e+03 6.059698699999999917e+03 7.121000000000000441e+00 4.115000000000000213e+00 5.467999999999999972e+01 1.263700000000000045e+01 4.373991000000000406e-01 4.554566999999999921e-01
4.634028299999999945e+03 6.145625000000000000e+03 1.396000000000000085e+01 5.503999999999999559e+00 -7.084999999999999432e+01 2.666199999999999903e+01 6.613324999999999898e-01 7.192720999999999698e-01
4.541826699999999619e+03 6.064843799999999646e+03 7.852999999999999758e+00 4.491999999999999993e+00 3.375000000000000000e+01 1.042999999999999972e+01 1.240782999999999969e+00 4.466838000000000197e-01
4.943609400000000278e+03 6.066674799999999777e+03 8.006999999999999673e+00 4.168999999999999595e+00 3.853999999999999915e+01 1.136899999999999977e+01 4.118087000000000275e-01 4.290851999999999999e-01
3.085995600000000195e+03 6.045501500000000306e+03 4.488000000000000433e+00 3.907999999999999918e+00 -5.377000000000000313e+01 9.596999999999999531e+00 4.761310000000000264e-01 3.174973000000000378e-01
3.114725300000000061e+03 6.136310499999999593e+03 2.118400000000000105e+01 1.051699999999999946e+01 5.500000000000000000e+00 1.580499999999999972e+01 1.184935000000000072e+00 1.026376999999999873e+00
4.038363299999999981e+03 6.124601599999999962e+03 1.773699999999999832e+01 7.918999999999999595e+00 -8.339000000000000057e+01 2.837300000000000111e+01 6.176515000000000200e-01 7.498929999999999207e-01
4.641591800000000148e+03 6.043013200000000325e+03 4.232000000000000206e+00 2.451999999999999957e+00 -3.885000000000000142e+01 5.719999999999999751e+00 3.275274000000000019e+00 2.344872999999999819e-01
3.098650900000000092e+03 6.049063500000000204e+03 5.025999999999999801e+00 2.943999999999999950e+00 3.087000000000000099e+01 1.956500000000000128e+01 5.214239000000000512e-01 2.950567000000000051e-01
4.574221700000000055e+03 6.068985800000000381e+03 1.119100000000000072e+01 4.716999999999999638e+00 -3.950000000000000178e+00 7.583999999999999631e+00 2.310346999999999706e+00 5.615394999999999692e-01
4.620531200000000354e+03 6.113226099999999860e+03 8.292999999999999261e+00 5.818999999999999950e+00 7.779000000000000625e+01 1.954200000000000159e+01 5.625711999999999380e-01 5.203421999999999770e-01
3.089657000000000153e+03 6.085874499999999898e+03 9.519000000000000128e+00 4.820000000000000284e+00 9.949999999999999289e+00 7.461000000000000298e+00 1.911130999999999913e+00 5.491635000000000266e-01
4.035192900000000009e+03 6.087957000000000335e+03 6.524000000000000021e+00 4.666000000000000369e+00 -6.682999999999999829e+01 9.785000000000000142e+00 4.986791999999999891e-01 4.056307999999999581e-01
4.708960000000000036e+03 6.081324700000000121e+03 6.376999999999999780e+00 4.339999999999999858e+00 2.490000000000000213e+00 1.082900000000000063e+01 9.780360000000000165e-01 4.177720999999999796e-01
3.179210900000000038e+03 6.159609400000000278e+03 9.962999999999999190e+00 7.817999999999999616e+00 -5.288000000000000256e+01 1.051800000000000068e+01 7.488321000000000005e-01 6.897083000000000519e-01
4.640320800000000418e+03 6.062340799999999945e+03 4.325999999999999623e+00 2.096000000000000085e+00 -4.428999999999999915e+01 6.653999999999999915e+00 1.384932000000000052e+00 2.150273999999999797e-01
4.603258300000000418e+03 6.206902299999999741e+03 1.340300000000000047e+01 1.087700000000000067e+01 -6.282000000000000028e+01 3.235600000000000165e+01 4.906281999999999588e-01 8.186728999999999257e-01
4.744809100000000399e+03 6.148634799999999814e+03 9.079000000000000625e+00 5.926999999999999602e+00 4.300000000000000000e+01 1.391200000000000081e+01 5.021358999999999684e-01 5.380527000000000504e-01
4.540342300000000250e+03 6.125488299999999981e+03 7.307000000000000384e+00 5.948999999999999844e+00 -5.899999999999999689e-01 1.208799999999999919e+01 5.852616999999999958e-01 5.086020999999999459e-01
4.079338400000000092e+03 6.120818400000000111e+03 5.918000000000000149e+00 3.141999999999999904e+00 -7.178000000000000114e+01 2.416000000000000014e+01 3.786527000000000087e-01 3.259135999999999700e-01
4.679351599999999962e+03 6.085032199999999648e+03 6.871000000000000441e+00 2.745000000000000107e+00 1.429999999999999938e+00 8.436999999999999389e+00 5.946363000000000065e-01 3.271892000000000134e-01
3.927019800000000032e+03 6.232536600000000362e+03 1.039600000000000080e+01 6.006999999999999673e+00 8.584000000000000341e+01 1.006199999999999939e+01 4.206833999999999740e+00 8.001462000000000296e-01
4.558617199999999684e+03 6.112836900000000242e+03 4.485000000000000320e+00 3.157999999999999918e+00 -8.765999999999999659e+01 1.924899999999999878e+01 5.143615000000000270e-01 2.730604999999999838e-01
3.058914999999999964e+03 6.123521499999999833e+03 3.971000000000000085e+00 2.278999999999999915e+00 6.693999999999999773e+01 4.589000000000000412e+00 1.820497999999999950e+00 2.111175000000000135e-01
3.074396699999999782e+03 6.131590299999999843e+03 5.655999999999999694e+00 3.130999999999999783e+00 2.642000000000000171e+01 6.485999999999999766e+00 1.623033000000000170e+00 3.128717000000000303e-01
3.989520300000000134e+03 6.177810999999999694e+03 1.120400000000000063e+01 4.309000000000000163e+00 -2.935999999999999943e+01 5.416999999999999815e+00 3.741724000000000161e-01 4.480803999999999898e-01
4.100484900000000380e+03 6.248750500000000102e+03 1.137899999999999956e+01 5.839999999999999858e+00 4.570000000000000284e+01 1.258500000000000085e+01 9.511851000000000056e-01 5.310394000000000503e-01
4.689213899999999740e+03 6.275036100000000260e+03 1.326399999999999935e+01 7.179999999999999716e+00 -5.749000000000000199e+01 2.035800000000000054e+01 3.850666999999999840e-01 7.114108999999999572e-01
4.005915800000000218e+03 6.264636199999999917e+03 1.073600000000000065e+01 8.730999999999999872e+00 4.857000000000000028e+01 1.326500000000000057e+01 2.460754000000000108e+00 7.445971999999999591e-01
4.043454099999999926e+03 6.317580600000000231e+03 1.939499999999999957e+01 1.054599999999999937e+01 5.535999999999999943e+01 1.936100000000000065e+01 1.253152999999999961e+00 9.113704999999999723e-01
3.979569300000000112e+03 6.306497999999999593e+03 1.891300000000000026e+01 9.230000000000000426e+00 -3.596999999999999886e+01 5.211999999999999744e+00 1.099596999999999936e+00 6.543784000000000267e-01
3.899070099999999911e+03 6.342308600000000297e+03 1.119999999999999929e+01 6.453000000000000291e+00 8.565000000000000568e+01 1.321499999999999986e+01 9.210432000000000619e-01 7.160797999999999330e-01
4.107748499999999694e+03 6.266072299999999814e+03 4.485999999999999766e+00 2.403999999999999915e+00 8.679999999999999716e+01 5.990000000000000213e+00 6.685079000000000438e-01 2.653234999999999899e-01
4.095956099999999878e+03 6.328513700000000426e+03 1.023499999999999943e+01 6.394999999999999574e+00 -4.132999999999999829e+01 1.072600000000000087e+01 1.098037000000000152e+00 6.543784000000000267e-01
3.929869099999999889e+03 6.264342300000000250e+03 3.096999999999999975e+00 2.246999999999999886e+00 -7.976999999999999602e+01 1.502699999999999925e+01 4.372908000000000350e-01 1.825480999999999909e-01
4.023690399999999954e+03 6.327860399999999572e+03 8.586000000000000298e+00 6.160999999999999588e+00 -5.510000000000000142e+01 1.018800000000000061e+01 6.531237999999999211e-01 5.310394000000000503e-01
4.044621599999999944e+03 6.339875500000000102e+03 8.743999999999999773e+00 5.916999999999999815e+00 6.471999999999999886e+01 8.130000000000000782e+00 6.147642999999999303e-01 5.707366999999999857e-01
3.971641799999999876e+03 6.331754899999999907e+03 1.360999999999999943e+01 5.358999999999999986e+00 1.350000000000000000e+01 -2.115000000000000213e+00 4.326240999999999559e-01 4.742740000000000289e-01
4.092835199999999986e+03 6.307716800000000148e+03 5.341999999999999638e+00 3.173000000000000043e+00 -6.215999999999999659e+01 7.423000000000000043e+00 6.610430000000000472e-01 3.359828000000000259e-01
4.144652799999999843e+03 6.352289999999999964e+03 5.086999999999999744e+00 3.565999999999999837e+00 -8.721999999999999886e+01 7.674999999999999822e+00 1.218812000000000006e+00 3.785398999999999847e-01
4.046434799999999996e+03 6.386013700000000426e+03 7.608999999999999986e+00 6.056000000000000050e+00 3.297999999999999687e+01 9.785999999999999588e+00 4.425179000000000196e-01 5.368901999999999841e-01
2.833609100000000126e+03 7.293050799999999981e+03 1.985800000000000054e+01 7.219000000000000306e+00 -8.289000000000000057e+01 1.834400000000000119e+01 4.172499999999999543e-01 8.605939000000000227e-01
2.804117699999999786e+03 7.318027299999999741e+03 6.745000000000000107e+00 3.803999999999999826e+00 6.364999999999999858e+01 9.728999999999999204e+00 2.589710000000000067e-01 3.696318000000000104e-01
2.759190900000000056e+03 7.319206100000000333e+03 4.828999999999999737e+00 2.701000000000000068e+00 6.717000000000000171e+01 6.650999999999999801e+00 2.953323999999999949e-01 3.290933000000000330e-01
2.794267800000000079e+03 7.403729500000000371e+03 1.044800000000000040e+01 5.397999999999999687e+00 -5.779999999999999716e+01 8.957000000000000739e+00 9.139110000000000289e-01 5.426777999999999880e-01
2.732773700000000190e+03 7.395303200000000288e+03 5.285999999999999588e+00 3.145000000000000018e+00 6.618000000000000682e+01 3.918000000000000149e+00 3.647990000000000399e-01 3.122053000000000189e-01
3.291056900000000041e+03 8.217101599999999962e+03 3.124000000000000110e+00 1.687999999999999945e+00 -7.795000000000000284e+01 4.996000000000000441e+00 2.156783000000000172e-01 1.767515000000000058e-01
7.195155300000000352e+03 8.924329100000000835e+03 3.108000000000000096e+00 1.546000000000000041e+00 -7.623999999999999488e+01 4.410000000000000142e+00 1.969658000000000242e-01 1.670590000000000130e-01
