7.030692900000000009e+03 6.959067000000000007e+02 1.971099999999999852e+01 1.040199999999999925e+01 -7.498000000000000398e+01 1.694200000000000017e+01 8.691644000000000148e+00 5.910623000000000182e+00
3.841695099999999911e+03 1.436389799999999923e+03 3.805000000000000160e+00 3.169999999999999929e+00 -6.598999999999999488e+01 7.360999999999999766e+00 1.090500000000000025e+00 1.309298000000000073e+00
5.087082500000000437e+03 1.447646199999999908e+03 4.573999999999999844e+00 3.600999999999999979e+00 4.546000000000000085e+01 9.750999999999999446e+00 1.190847999999999907e+00 1.531271999999999966e+00
3.823197999999999865e+03 1.503566800000000057e+03 7.424000000000000377e+00 3.406000000000000139e+00 -6.882999999999999829e+01 1.199000000000000021e+01 1.676140999999999881e+00 1.911837000000000009e+00
4.396864700000000084e+03 1.478871000000000095e+03 5.003999999999999559e+00 2.638999999999999790e+00 -9.310000000000000497e+00 7.636000000000000121e+00 1.429128999999999872e+00 1.591220999999999997e+00
3.815854699999999866e+03 1.547119500000000016e+03 3.717999999999999972e+00 3.055000000000000160e+00 5.652000000000000313e+01 8.326000000000000512e+00 9.473200999999999983e-01 1.239727000000000023e+00
2.303318800000000010e+03 1.538665899999999965e+03 3.000000000000000000e+00 2.311999999999999833e+00 -2.867000000000000171e+01 5.809999999999999609e+00 1.148433999999999955e+00 9.925763999999999143e-01
4.953034700000000157e+03 1.556759399999999914e+03 2.900999999999999801e+00 2.224000000000000199e+00 -3.614000000000000057e+01 6.836000000000000298e+00 9.610322999999999505e-01 9.416405999999999388e-01
4.315913599999999860e+03 1.647009800000000041e+03 5.126999999999999780e+00 3.851999999999999869e+00 -2.262999999999999901e+01 1.281799999999999962e+01 1.038651999999999909e+00 1.609688000000000008e+00
4.543808600000000297e+03 1.692261500000000069e+03 7.599000000000000199e+00 6.626999999999999780e+00 -2.680000000000000071e+01 1.204199999999999982e+01 1.787284000000000095e+00 2.616713999999999984e+00
4.341461900000000242e+03 1.657252199999999903e+03 4.304000000000000270e+00 3.644000000000000128e+00 -6.080000000000000071e+00 8.314999999999999503e+00 2.086267000000000316e+00 1.591220999999999997e+00
3.992137499999999818e+03 1.694833300000000008e+03 6.980000000000000426e+00 4.461000000000000298e+00 -5.346000000000000085e+01 1.122300000000000075e+01 1.955199999999999827e+00 2.163270000000000248e+00
3.974033399999999801e+03 1.710667099999999891e+03 7.508000000000000007e+00 4.065999999999999837e+00 -6.459999999999999432e+01 1.260800000000000054e+01 1.100160000000000027e+00 2.009813999999999989e+00
4.284559100000000399e+03 1.680012300000000096e+03 4.605999999999999872e+00 3.713999999999999968e+00 -2.012999999999999901e+01 6.384000000000000341e+00 3.259456000000000131e+00 1.730615999999999932e+00
4.561333499999999731e+03 1.704429100000000062e+03 5.950000000000000178e+00 3.944999999999999840e+00 1.776000000000000156e+01 1.654700000000000060e+01 1.474754999999999816e+00 1.803104000000000040e+00
5.361768100000000231e+03 1.768114100000000008e+03 3.048999999999999932e+00 2.346000000000000085e+00 -1.580000000000000071e+00 7.549999999999999822e+00 8.500432999999999462e-01 9.876010000000000622e-01
4.804906200000000354e+03 1.901856899999999996e+03 3.067000000000000171e+00 1.883000000000000007e+00 5.595000000000000284e+01 7.392000000000000348e+00 8.080106000000000233e-01 8.766197000000000017e-01
5.878691000000000031e+02 1.952622200000000021e+03 2.811999999999999833e+00 2.261000000000000121e+00 5.421000000000000085e+01 3.870999999999999996e+00 1.227643999999999957e+00 9.416405999999999388e-01
3.828023200000000088e+03 2.003096299999999928e+03 3.138999999999999790e+00 2.641000000000000014e+00 -2.142000000000000171e+01 5.291000000000000369e+00 1.335005999999999915e+00 1.105285999999999991e+00
3.850216800000000148e+03 2.070321300000000065e+03 2.722999999999999865e+00 2.363999999999999879e+00 -3.522999999999999687e+01 7.857999999999999652e+00 9.100252999999999259e-01 9.363945999999999659e-01
4.254257800000000316e+03 2.110892600000000130e+03 5.064000000000000057e+00 3.271999999999999797e+00 -5.696999999999999886e+01 7.524000000000000021e+00 2.025484000000000062e+00 1.575666000000000011e+00
3.893200400000000172e+03 2.158940399999999954e+03 4.945000000000000284e+00 3.008999999999999897e+00 -5.475999999999999801e+01 6.897999999999999687e+00 1.857366999999999990e+00 1.511846999999999941e+00
3.891913100000000213e+03 2.251659200000000055e+03 4.907000000000000028e+00 4.610999999999999766e+00 8.381999999999999318e+01 6.794999999999999929e+00 4.684312000000000253e+00 2.077307999999999932e+00
3.957674100000000180e+03 2.407596199999999953e+03 9.909000000000000696e+00 3.390000000000000124e+00 -1.830000000000000071e+01 1.398900000000000077e+01 1.330037000000000136e+00 2.100887999999999867e+00
3.943428199999999833e+03 2.439850800000000163e+03 3.069999999999999840e+00 2.555000000000000160e+00 -7.020999999999999375e+01 7.176000000000000156e+00 8.625278999999999030e-01 1.031515999999999877e+00
6.600320800000000418e+03 2.692409200000000055e+03 1.866199999999999903e+01 8.486000000000000654e+00 -2.662000000000000099e+01 2.108599999999999852e+01 1.619987000000000066e+00 4.774694000000000216e+00
5.587310999999999694e+02 2.589605199999999968e+03 2.318000000000000060e+00 1.798999999999999932e+00 2.808999999999999986e+01 3.290999999999999925e+00 1.420358000000000009e+00 7.815554000000000112e-01
6.651691399999999703e+03 2.686231400000000122e+03 1.359500000000000064e+01 4.751999999999999780e+00 -2.983999999999999986e+01 2.419900000000000162e+01 9.698556000000000399e-01 2.670749999999999957e+00
6.538330100000000130e+03 2.705755900000000111e+03 8.442999999999999616e+00 3.762000000000000011e+00 -2.548000000000000043e+01 8.378999999999999559e+00 1.317612000000000005e+00 1.800370000000000026e+00
6.531222200000000157e+03 2.756738800000000083e+03 8.423000000000000043e+00 6.277999999999999581e+00 -2.480000000000000071e+01 1.116600000000000037e+01 1.254403000000000157e+00 2.317193000000000058e+00
6.511803700000000390e+03 2.773786099999999806e+03 1.918199999999999861e+01 7.902000000000000135e+00 -1.066000000000000014e+01 2.215500000000000114e+01 2.296043000000000056e+00 3.651008000000000031e+00
6.542282699999999750e+03 2.742357899999999972e+03 4.312999999999999723e+00 2.153999999999999915e+00 -3.042999999999999972e+01 6.426999999999999602e+00 1.105150000000000077e+00 1.082772999999999985e+00
6.579271999999999935e+03 2.790489500000000135e+03 8.715999999999999304e+00 3.120999999999999996e+00 5.775000000000000000e+01 2.616100000000000136e+01 1.045128000000000057e+00 1.770016999999999951e+00
6.499245100000000093e+03 2.799727800000000116e+03 1.296799999999999997e+01 5.443999999999999950e+00 -1.591999999999999993e+01 1.330300000000000082e+01 3.090221000000000107e+00 3.200962000000000085e+00
6.618738800000000083e+03 2.814725300000000061e+03 1.236100000000000065e+01 6.304999999999999716e+00 2.208999999999999986e+01 1.804400000000000048e+01 1.525094999999999867e+00 3.486754999999999605e+00
6.479618699999999990e+03 2.824884799999999814e+03 7.517999999999999794e+00 6.589999999999999858e+00 8.429999999999999716e+00 9.538000000000000256e+00 1.955793999999999810e+00 2.495298000000000016e+00
6.474747099999999591e+03 2.879801300000000083e+03 1.354400000000000048e+01 5.381999999999999673e+00 7.529000000000000625e+01 2.394800000000000040e+01 1.637904999999999944e+00 2.194917999999999925e+00
6.487001000000000204e+03 2.796856699999999819e+03 5.440000000000000391e+00 2.854999999999999982e+00 2.051999999999999957e+01 6.142999999999999794e+00 2.749085000000000001e+00 1.227748999999999979e+00
6.656092800000000352e+03 2.954200200000000223e+03 1.214000000000000057e+01 6.349000000000000199e+00 -7.618000000000000682e+01 1.108300000000000018e+01 3.136554000000000286e+00 3.261937999999999782e+00
4.188420399999999972e+03 2.814047399999999925e+03 4.280999999999999694e+00 3.501999999999999780e+00 -4.642999999999999972e+01 7.961000000000000298e+00 1.414578000000000113e+00 1.488863999999999965e+00
6.474815400000000409e+03 2.836953899999999976e+03 6.134999999999999787e+00 4.440999999999999837e+00 -8.099999999999999645e+00 7.815999999999999837e+00 1.973135000000000083e+00 1.870156999999999847e+00
6.571711900000000242e+03 2.862901100000000042e+03 6.583000000000000185e+00 3.927000000000000046e+00 -4.949000000000000199e+01 1.075600000000000023e+01 1.189334000000000113e+00 1.875418000000000029e+00
6.470750000000000000e+03 2.857152799999999843e+03 5.701999999999999957e+00 3.325000000000000178e+00 6.548999999999999488e+01 7.530000000000000249e+00 1.288912999999999975e+00 1.407220000000000137e+00
6.641994099999999889e+03 2.871941699999999855e+03 5.652000000000000135e+00 3.190999999999999837e+00 -8.629999999999999716e+01 1.688700000000000045e+01 1.001619999999999955e+00 1.550453999999999999e+00
4.872417999999999665e+03 2.935089100000000144e+03 1.441300000000000026e+01 7.926999999999999602e+00 1.390000000000000036e+01 1.319100000000000072e+01 1.142651000000000039e+01 5.078654999999999475e+00
6.516195300000000316e+03 2.975401100000000042e+03 2.326300000000000168e+01 9.430999999999999162e+00 5.975000000000000000e+01 1.199300000000000033e+01 3.976905000000000356e+00 3.177795000000000147e+00
6.519898900000000140e+03 2.851647699999999986e+03 3.947000000000000064e+00 2.548999999999999932e+00 -2.478999999999999915e+01 7.483999999999999986e+00 1.242086999999999941e+00 1.186949000000000032e+00
6.477227100000000064e+03 2.905989000000000033e+03 1.045800000000000018e+01 4.418999999999999595e+00 -3.314999999999999858e+01 9.710000000000000853e+00 1.863793000000000033e+00 2.477467000000000308e+00
6.675654800000000250e+03 2.938238499999999931e+03 1.042300000000000004e+01 6.115000000000000213e+00 -5.214999999999999858e+01 1.166600000000000037e+01 2.030447000000000113e+00 2.902331000000000216e+00
6.687838399999999638e+03 2.907607199999999921e+03 1.257399999999999984e+01 6.407000000000000028e+00 -2.839999999999999858e+00 1.544100000000000072e+01 1.045198000000000071e+00 3.355729999999999880e+00
4.196875500000000102e+03 2.887915500000000065e+03 4.937000000000000277e+00 3.789000000000000146e+00 -5.546999999999999886e+01 8.025999999999999801e+00 2.284558000000000089e+00 1.744790000000000063e+00
6.542599100000000362e+03 2.913885999999999967e+03 8.532999999999999474e+00 5.059000000000000163e+00 4.225999999999999801e+01 1.187100000000000044e+01 1.517384999999999984e+00 2.532528999999999808e+00
6.683228500000000167e+03 2.889291999999999916e+03 6.690999999999999837e+00 3.750000000000000000e+00 -1.812000000000000099e+01 1.211299999999999955e+01 8.804024999999999768e-01 1.756046999999999914e+00
6.461357899999999972e+03 2.947492400000000089e+03 8.099000000000000199e+00 5.099000000000000199e+00 -5.828000000000000114e+01 1.035800000000000054e+01 1.154127999999999821e+00 2.357238000000000167e+00
6.498555699999999888e+03 2.910618199999999888e+03 4.735000000000000320e+00 4.608999999999999986e+00 -4.507999999999999829e+01 7.711000000000000298e+00 2.240731000000000250e+00 1.824829000000000034e+00
6.462174299999999675e+03 2.925557099999999991e+03 6.557000000000000384e+00 2.936999999999999833e+00 -5.238000000000000256e+01 1.035100000000000087e+01 1.261521000000000114e+00 1.578788999999999998e+00
5.047000000000000000e+03 2.913443400000000111e+03 7.464000000000000412e+00 4.416000000000000369e+00 8.560000000000000497e+00 1.232399999999999984e+01 1.585833000000000048e+00 2.212800000000000100e+00
4.837445300000000316e+03 2.961894800000000032e+03 9.605000000000000426e+00 5.035000000000000142e+00 4.203999999999999915e+01 1.226299999999999990e+01 1.149070999999999954e+00 2.546108000000000260e+00
6.545417000000000371e+03 2.944826399999999921e+03 5.878000000000000114e+00 3.641999999999999904e+00 -4.840999999999999659e+01 8.596999999999999531e+00 2.176711999999999758e+00 1.816713000000000022e+00
6.500676300000000083e+03 2.947019499999999880e+03 5.487000000000000099e+00 4.128000000000000114e+00 2.000000000000000000e+00 6.737000000000000099e+00 3.791792999999999747e+00 1.975202000000000124e+00
4.226382300000000214e+03 2.941014900000000125e+03 3.181999999999999940e+00 2.799999999999999822e+00 8.881999999999999318e+01 5.142999999999999794e+00 1.291560000000000041e+00 1.140382999999999925e+00
6.541441399999999703e+03 3.000889200000000073e+03 7.878000000000000114e+00 4.850999999999999979e+00 -1.167999999999999972e+01 8.340999999999999304e+00 7.654501999999999917e+00 2.461509000000000391e+00
6.627799299999999675e+03 2.966529100000000199e+03 3.637999999999999901e+00 3.273000000000000131e+00 -1.953000000000000114e+01 9.528999999999999915e+00 9.703846000000000416e-01 1.263343000000000105e+00
6.448582000000000335e+03 3.021097900000000209e+03 1.402800000000000047e+01 7.634999999999999787e+00 -2.089999999999999858e+00 1.837800000000000011e+01 1.194787000000000043e+00 3.413943000000000172e+00
6.559188500000000204e+03 3.007342500000000200e+03 1.257399999999999984e+01 4.881000000000000227e+00 1.728999999999999915e+01 1.256400000000000006e+01 6.206577999999999484e+00 2.951141999999999932e+00
4.148991699999999582e+03 3.062342799999999897e+03 6.081999999999999851e+00 5.504999999999999893e+00 7.750000000000000000e+01 8.233000000000000540e+00 5.944602000000000608e+00 2.597821000000000158e+00
6.428348100000000159e+03 3.026901899999999841e+03 6.391000000000000014e+00 2.197000000000000064e+00 7.573000000000000398e+01 1.349499999999999922e+01 1.229049999999999976e+00 1.178619000000000083e+00
4.259820800000000418e+03 3.049134799999999814e+03 6.485000000000000320e+00 3.672000000000000153e+00 -1.439000000000000057e+01 1.119200000000000017e+01 1.373507000000000033e+00 2.031752999999999698e+00
5.054440899999999601e+03 3.080365200000000186e+03 3.281000000000000139e+00 2.822999999999999954e+00 -2.789999999999999858e+01 5.488999999999999879e+00 1.497772000000000103e+00 1.178619000000000083e+00
5.587261199999999917e+03 3.117181900000000041e+03 6.360999999999999766e+00 3.859999999999999876e+00 5.292000000000000171e+01 9.558999999999999275e+00 1.762707999999999942e+00 1.911837000000000009e+00
4.307804699999999684e+03 3.134164999999999964e+03 5.096000000000000085e+00 3.806999999999999940e+00 -6.456000000000000227e+01 6.591000000000000192e+00 2.328435999999999950e+00 1.764442000000000066e+00
5.091794399999999769e+03 3.244606000000000222e+03 8.548999999999999488e+00 5.923000000000000043e+00 -3.528000000000000114e+01 8.823999999999999844e+00 1.172362000000000037e+01 3.454108000000000178e+00
4.466788599999999860e+03 3.221864300000000185e+03 4.025999999999999801e+00 3.455000000000000071e+00 -1.750000000000000000e+01 5.219000000000000306e+00 3.324451999999999963e+00 1.563111000000000139e+00
5.062793499999999767e+03 3.245751200000000154e+03 5.854000000000000092e+00 4.330000000000000071e+00 -1.393999999999999950e+01 7.463000000000000078e+00 5.374591999999999814e+00 2.183667999999999942e+00
4.439371100000000297e+03 3.374369900000000143e+03 1.225099999999999945e+01 7.463000000000000078e+00 6.214999999999999858e+01 1.241300000000000026e+01 1.190566000000000102e+01 4.431161000000000350e+00
4.943971700000000055e+03 3.312360599999999977e+03 5.325999999999999623e+00 4.200000000000000178e+00 -1.712999999999999901e+01 1.423199999999999932e+01 1.424965999999999955e+00 1.736299000000000037e+00
5.054091300000000047e+03 3.380461699999999837e+03 8.496000000000000441e+00 5.525999999999999801e+00 6.684000000000000341e+01 1.019699999999999918e+01 6.804585999999999579e+00 3.127796999999999716e+00
4.934991200000000390e+03 3.321518999999999778e+03 4.057000000000000384e+00 2.866999999999999993e+00 -4.632999999999999829e+01 1.033600000000000030e+01 1.168751999999999791e+00 1.182791000000000148e+00
4.382704099999999926e+03 3.356359599999999773e+03 4.855999999999999872e+00 3.084000000000000075e+00 8.099999999999999645e+00 6.064000000000000057e+00 1.944495000000000084e+00 1.407220000000000137e+00
4.579717300000000250e+03 3.436953599999999824e+03 2.468999999999999861e+00 2.174999999999999822e+00 2.371999999999999886e+01 4.027999999999999581e+00 9.932796999999998766e-01 8.653079999999999661e-01
4.536821299999999610e+03 3.491541499999999814e+03 4.296999999999999709e+00 3.809000000000000163e+00 -5.850999999999999801e+01 1.173700000000000010e+01 1.083395000000000108e+00 1.441799999999999971e+00
4.487815400000000409e+03 3.680322799999999916e+03 1.192699999999999960e+01 5.716999999999999638e+00 4.068999999999999773e+01 1.119599999999999973e+01 4.012552000000000341e+00 3.351322999999999830e+00
4.481107399999999870e+03 3.641416299999999865e+03 8.417999999999999261e+00 5.780999999999999694e+00 -5.000000000000000000e-01 1.404299999999999926e+01 1.179207000000000116e+00 2.394558000000000408e+00
4.458705600000000231e+03 3.657172900000000027e+03 6.150999999999999801e+00 3.681999999999999940e+00 -1.251999999999999957e+01 6.017999999999999794e+00 1.424476999999999993e+00 1.724913999999999836e+00
4.646196799999999712e+03 3.694077900000000227e+03 6.344000000000000306e+00 4.333999999999999631e+00 2.207999999999999829e+01 1.600900000000000034e+01 3.196036000000000321e+00 2.565383000000000191e+00
4.551172899999999572e+03 3.697777799999999843e+03 7.312000000000000277e+00 5.392000000000000348e+00 -4.574000000000000199e+01 1.296799999999999997e+01 3.148318000000000172e+00 2.394558000000000408e+00
3.943043000000000120e+03 3.687905499999999847e+03 6.046000000000000263e+00 3.169000000000000039e+00 -7.279000000000000625e+01 7.663000000000000256e+00 1.454104999999999981e+00 1.663861000000000034e+00
4.666980999999999767e+03 3.719980700000000070e+03 5.469999999999999751e+00 3.145999999999999908e+00 -7.873999999999999488e+01 8.922000000000000597e+00 1.391159999999999952e+00 1.544086000000000070e+00
4.541542999999999665e+03 3.682978999999999814e+03 5.472999999999999865e+00 3.253000000000000114e+00 1.023000000000000043e+01 8.093999999999999417e+00 1.836825999999999848e+00 1.572536999999999852e+00
4.722632800000000316e+03 3.692272199999999884e+03 3.511000000000000121e+00 2.637000000000000011e+00 -1.683999999999999986e+01 4.459999999999999964e+00 1.365220000000000100e+00 1.170229999999999881e+00
4.523150899999999638e+03 3.717645500000000084e+03 3.053999999999999826e+00 2.847999999999999865e+00 2.489999999999999858e+01 4.511000000000000121e+00 1.736146999999999885e+00 1.153268999999999878e+00
4.750864700000000084e+03 3.801820299999999861e+03 5.556000000000000050e+00 4.121000000000000441e+00 -7.695999999999999375e+01 6.062999999999999723e+00 6.449317000000000633e+00 2.272110999999999770e+00
4.617308600000000297e+03 4.036158699999999953e+03 1.135100000000000087e+01 9.923999999999999488e+00 4.931000000000000227e+01 1.030100000000000016e+01 3.501227999999999838e+02 7.496415999999999968e+00
4.785951699999999619e+03 3.823069800000000214e+03 4.932000000000000384e+00 4.230000000000000426e+00 5.400000000000000000e+01 6.328999999999999737e+00 3.515365999999999769e+00 1.893715000000000037e+00
4.386077599999999620e+03 3.863912100000000009e+03 1.052100000000000080e+01 5.142999999999999794e+00 -6.423000000000000398e+01 1.479700000000000060e+01 1.686049999999999827e+00 2.655952999999999786e+00
4.348575200000000223e+03 3.875302000000000135e+03 8.560000000000000497e+00 6.626000000000000334e+00 6.210000000000000142e+01 9.098000000000000753e+00 3.524293999999999816e+00 2.845769999999999911e+00
4.990623999999999796e+03 3.875037100000000009e+03 7.416999999999999815e+00 7.083000000000000185e+00 6.710999999999999943e+01 1.172300000000000075e+01 1.747427000000000064e+00 2.741738999999999926e+00
4.371091800000000148e+03 3.846295200000000023e+03 9.910999999999999588e+00 4.910000000000000142e+00 -3.527000000000000313e+01 1.342800000000000082e+01 1.820580000000000087e+00 1.947575000000000056e+00
4.336014600000000428e+03 3.813406500000000051e+03 3.689999999999999947e+00 2.733999999999999986e+00 3.142999999999999972e+01 9.454000000000000625e+00 2.239957999999999672e+00 1.313055000000000083e+00
4.814465299999999843e+03 3.906086899999999787e+03 6.365999999999999659e+00 4.967999999999999972e+00 -7.825000000000000000e+01 7.645999999999999908e+00 6.615631000000000483e+00 2.612947000000000131e+00
4.739848600000000260e+03 3.964614999999999782e+03 1.074099999999999966e+01 5.892000000000000348e+00 7.230000000000000426e+00 9.454000000000000625e+00 1.443084999999999951e+01 3.735041999999999973e+00
4.769493199999999888e+03 3.856046899999999823e+03 5.144999999999999574e+00 4.081000000000000405e+00 -9.359999999999999432e+00 6.157000000000000028e+00 2.059187999999999796e+00 1.982670000000000154e+00
5.023068800000000010e+03 3.890895799999999781e+03 5.948999999999999844e+00 4.894000000000000128e+00 1.322000000000000064e+01 6.785000000000000142e+00 9.971339999999999648e+00 2.557690000000000019e+00
4.846799299999999675e+03 3.942288100000000213e+03 8.901999999999999247e+00 5.990999999999999659e+00 -9.960000000000000853e+00 8.964999999999999858e+00 5.262972999999999679e+00 3.137232000000000021e+00
4.650122999999999593e+03 3.974064499999999953e+03 1.510500000000000043e+01 5.243000000000000327e+00 -4.121999999999999886e+01 1.250300000000000011e+01 4.745713999999999544e+00 3.619843000000000366e+00
4.771725599999999758e+03 3.987417699999999968e+03 8.580000000000000071e+00 4.189000000000000057e+00 6.439000000000000057e+01 9.388999999999999346e+00 2.988137000000000043e+00 2.274277999999999800e+00
4.809925799999999981e+03 3.951673600000000079e+03 4.379999999999999893e+00 3.896999999999999797e+00 -2.244999999999999929e+01 6.759999999999999787e+00 1.726550000000000029e+00 1.524825000000000097e+00
5.113173300000000381e+03 3.958813000000000102e+03 5.621000000000000441e+00 4.168999999999999595e+00 -2.149999999999999911e+00 9.281000000000000583e+00 3.499019000000000101e+00 2.039013999999999882e+00
4.848362799999999879e+03 3.998562500000000000e+03 1.004499999999999993e+01 5.363999999999999879e+00 -1.896000000000000085e+01 9.423999999999999488e+00 4.697015999999999636e+00 3.168480000000000185e+00
4.784904800000000250e+03 3.983377399999999852e+03 4.530000000000000249e+00 3.793000000000000149e+00 -6.990000000000000213e+00 7.163000000000000256e+00 3.337136000000000102e+00 1.643005999999999966e+00
5.950965999999999667e+02 4.043513399999999820e+03 2.637000000000000011e+00 1.957999999999999963e+00 -3.064999999999999858e+01 3.931999999999999940e+00 1.200572999999999890e+00 1.640004999999999935e+00
5.188538099999999758e+03 4.056815200000000004e+03 9.007999999999999119e+00 7.394000000000000128e+00 -3.617000000000000171e+01 1.079599999999999937e+01 2.579229000000000216e+00 2.997514999999999930e+00
4.672173799999999574e+03 4.039996099999999842e+03 5.501999999999999780e+00 4.201999999999999957e+00 -3.574000000000000199e+01 6.320999999999999730e+00 3.753483000000000125e+00 1.932339999999999947e+00
4.791993699999999990e+03 4.070425799999999981e+03 7.871000000000000441e+00 6.274000000000000021e+00 -9.509999999999999787e+00 9.026999999999999247e+00 8.889304000000000983e+00 3.289009000000000071e+00
5.177260299999999916e+03 4.055685300000000097e+03 5.913999999999999702e+00 2.740000000000000213e+00 2.173000000000000043e+01 5.775000000000000355e+00 2.199351000000000056e+00 1.309298000000000073e+00
4.594751500000000306e+03 4.085448699999999917e+03 3.197000000000000064e+00 2.024000000000000021e+00 8.573000000000000398e+01 3.773000000000000131e+00 2.505400999999999989e+00 8.480576000000000780e-01
4.708222200000000157e+03 4.269127400000000307e+03 8.888999999999999346e+00 5.705000000000000071e+00 -8.240000000000000568e+01 1.343999999999999950e+01 2.380157999999999774e+00 2.603502999999999901e+00
5.086665500000000065e+03 4.296425299999999879e+03 5.105000000000000426e+00 3.987000000000000099e+00 -3.650999999999999801e+01 5.560999999999999943e+00 5.246455000000000091e+00 1.962691999999999881e+00
4.737247999999999593e+03 4.326632800000000316e+03 7.238000000000000433e+00 5.530999999999999694e+00 -2.125000000000000000e+01 7.945999999999999730e+00 2.952532999999999852e+00 2.692791999999999852e+00
4.734676300000000083e+03 4.575022500000000036e+03 1.180300000000000082e+01 9.092999999999999972e+00 -6.140999999999999659e+01 1.181600000000000072e+01 3.515364000000000289e+01 5.288672000000000040e+00
6.845597999999999956e+02 4.514370600000000195e+03 2.979999999999999982e+00 2.354000000000000092e+00 -2.537000000000000099e+01 4.501000000000000334e+00 1.125032999999999950e+00 9.975268999999999942e-01
4.721396999999999935e+03 4.683491699999999582e+03 7.426999999999999602e+00 6.634000000000000341e+00 -7.054000000000000625e+01 7.687999999999999723e+00 5.798392000000000479e+01 4.140363999999999933e+00
4.752539600000000064e+03 4.738673300000000381e+03 1.657700000000000173e+01 6.342999999999999972e+00 8.592000000000000171e+01 1.261200000000000010e+01 4.589776000000000522e+00 3.996274999999999800e+00
4.711735399999999572e+03 4.765877000000000407e+03 1.430300000000000082e+01 1.198900000000000077e+01 -7.890000000000000568e+01 1.008900000000000041e+01 1.210167999999999893e+02 5.276549000000000156e+00
4.610410600000000159e+03 4.719118199999999888e+03 1.240900000000000070e+01 5.870000000000000107e+00 -4.921999999999999886e+01 8.634999999999999787e+00 3.851698999999999984e+00 3.113589999999999858e+00
4.889292999999999665e+03 4.941683100000000195e+03 2.201800000000000068e+01 1.218900000000000006e+01 -1.110999999999999943e+01 1.681400000000000006e+01 6.746357000000000426e+01 7.887702999999999243e+00
4.627057600000000093e+03 4.998949700000000121e+03 3.108299999999999841e+01 1.366399999999999970e+01 4.000000000000000000e+01 2.490399999999999991e+01 1.461513000000000062e+01 7.889577000000000062e+00
4.530529800000000250e+03 4.768447299999999814e+03 1.134800000000000075e+01 7.030000000000000249e+00 -5.267999999999999972e+01 1.069899999999999984e+01 1.132587999999999973e+01 3.587033999999999612e+00
4.797460000000000036e+03 4.738179699999999684e+03 7.017999999999999794e+00 5.589000000000000412e+00 3.682000000000000028e+01 7.549999999999999822e+00 1.398267000000000060e+01 2.969446000000000030e+00
4.759206100000000333e+03 4.882573199999999815e+03 1.824500000000000099e+01 8.701000000000000512e+00 1.400000000000000133e-01 9.538000000000000256e+00 1.420678000000000054e+02 5.334116999999999997e+00
5.554333000000000311e+02 4.678653800000000047e+03 2.684000000000000163e+00 2.169000000000000039e+00 -2.882999999999999829e+01 3.511000000000000121e+00 1.339226000000000028e+00 1.227748999999999979e+00
4.556125500000000102e+03 4.743287099999999555e+03 1.165600000000000058e+01 6.233999999999999986e+00 5.570000000000000284e+00 7.525000000000000355e+00 1.186444000000000010e+01 3.260428000000000104e+00
4.905153299999999945e+03 4.762635699999999815e+03 7.118999999999999773e+00 6.092999999999999972e+00 5.870000000000000107e+00 7.852999999999999758e+00 5.122144000000000474e+00 2.698274999999999757e+00
4.836360399999999572e+03 4.775304699999999684e+03 6.881000000000000227e+00 6.661999999999999922e+00 7.030000000000000249e+00 7.485999999999999766e+00 1.944533000000000200e+01 3.130945000000000089e+00
4.816886199999999917e+03 4.754978000000000065e+03 6.035999999999999588e+00 4.485000000000000320e+00 7.434999999999999432e+01 6.937000000000000277e+00 8.199767999999998835e+00 2.084410000000000096e+00
4.441994099999999889e+03 4.872348600000000260e+03 1.648100000000000165e+01 6.661999999999999922e+00 7.346999999999999886e+01 1.201800000000000068e+01 3.604154999999999998e+00 3.907777000000000278e+00
4.534726599999999962e+03 4.807677700000000186e+03 1.092800000000000082e+01 4.253000000000000114e+00 6.292000000000000171e+01 9.544000000000000483e+00 8.744082000000000576e+00 2.807430000000000092e+00
4.598765599999999722e+03 4.744303700000000390e+03 7.766000000000000014e+00 2.734999999999999876e+00 -3.260000000000000142e+01 7.424999999999999822e+00 5.503866999999999621e+00 1.750426999999999955e+00
4.457979500000000371e+03 4.824635699999999815e+03 1.066300000000000026e+01 4.115000000000000213e+00 -6.607999999999999829e+01 9.009000000000000341e+00 5.244833999999999996e+00 2.741738999999999926e+00
4.887395000000000437e+03 4.784811999999999898e+03 6.700999999999999623e+00 4.123000000000000220e+00 -4.714999999999999858e+01 6.381000000000000227e+00 4.599109999999999587e+00 2.176889999999999770e+00
4.533037099999999555e+03 4.747792000000000371e+03 4.631999999999999673e+00 2.168000000000000149e+00 -1.776000000000000156e+01 4.655999999999999694e+00 7.899763000000000979e+00 1.091833999999999971e+00
4.788575700000000325e+03 4.802920399999999972e+03 6.046000000000000263e+00 5.506999999999999673e+00 -1.494999999999999929e+01 7.799999999999999822e+00 2.162779000000000096e+01 2.857861999999999902e+00
4.852697299999999814e+03 4.883045399999999972e+03 1.066799999999999926e+01 6.496999999999999886e+00 -3.427000000000000313e+01 9.336000000000000298e+00 9.095729999999999649e+00 3.083384000000000125e+00
4.844141099999999824e+03 4.797312500000000000e+03 5.650000000000000355e+00 4.301000000000000156e+00 3.857999999999999829e+01 5.883000000000000007e+00 8.136298999999999282e+00 2.105571999999999999e+00
4.690164999999999964e+03 4.845653299999999945e+03 8.128000000000000114e+00 5.498999999999999666e+00 -3.051999999999999957e+01 7.820999999999999730e+00 1.620889000000000124e+03 3.619843000000000366e+00
4.844480499999999665e+03 4.911611799999999675e+03 1.233399999999999963e+01 6.009999999999999787e+00 -4.643999999999999773e+01 1.052200000000000024e+01 1.164095999999999975e+01 3.422590000000000021e+00
4.649066399999999703e+03 4.777403800000000047e+03 4.128999999999999559e+00 2.916999999999999815e+00 -2.298999999999999844e+01 5.142000000000000348e+00 2.583958000000000155e+01 1.378930999999999907e+00
4.659983400000000074e+03 4.878439500000000407e+03 1.267300000000000004e+01 7.245000000000000107e+00 -1.710999999999999943e+01 7.033000000000000362e+00 3.314827999999999975e+02 4.162907999999999831e+00
4.975677200000000084e+03 4.852957000000000335e+03 9.080000000000000071e+00 6.804999999999999716e+00 6.623999999999999488e+01 8.679999999999999716e+00 8.107021000000001365e+00 3.345438999999999830e+00
4.688673799999999574e+03 4.821112299999999777e+03 7.578999999999999737e+00 5.581000000000000405e+00 -9.699999999999999734e-01 7.682999999999999829e+00 1.829750999999999976e+02 2.678116999999999859e+00
4.817298300000000381e+03 4.796067900000000009e+03 4.969999999999999751e+00 3.478000000000000203e+00 -1.283999999999999986e+01 6.546999999999999709e+00 4.411918000000000006e+00 1.724913999999999836e+00
5.065867199999999684e+03 4.863952100000000428e+03 1.376200000000000045e+01 8.696999999999999176e+00 -1.139999999999999902e+00 1.401500000000000057e+01 1.112129000000000012e+01 4.222825999999999524e+00
5.255408199999999852e+03 4.868801800000000185e+03 5.679999999999999716e+00 4.743999999999999773e+00 -6.296999999999999886e+01 6.224000000000000199e+00 1.247654999999999959e+01 2.493323000000000178e+00
4.684246100000000297e+03 4.807744099999999889e+03 3.971000000000000085e+00 3.347999999999999865e+00 -4.019999999999999574e+00 5.540000000000000036e+00 1.039338000000000051e+02 1.431513999999999953e+00
4.816917000000000371e+03 4.822423799999999574e+03 4.474999999999999645e+00 4.073000000000000398e+00 -2.905999999999999872e+01 5.333000000000000185e+00 1.068067999999999884e+01 1.960181000000000173e+00
4.700589799999999741e+03 4.859071799999999712e+03 6.450999999999999623e+00 5.777999999999999581e+00 -2.264000000000000057e+01 8.176999999999999602e+00 9.041037999999999784e+02 2.736343999999999888e+00
4.972407699999999750e+03 4.890081100000000333e+03 8.925000000000000711e+00 6.349000000000000199e+00 -8.948999999999999488e+01 1.052999999999999936e+01 5.141047000000000367e+00 2.819685000000000219e+00
4.445205100000000130e+03 4.839921400000000176e+03 4.187999999999999723e+00 2.273000000000000131e+00 -5.472999999999999687e+01 4.780000000000000249e+00 4.134521999999999586e+00 1.078214000000000006e+00
4.781078099999999722e+03 4.849454600000000028e+03 4.631999999999999673e+00 3.625999999999999890e+00 1.020000000000000018e+00 8.455000000000000071e+00 4.745055999999999941e+00 1.600481000000000043e+00
4.532321299999999610e+03 4.871084499999999935e+03 7.647999999999999687e+00 4.347000000000000419e+00 -2.270000000000000018e+00 7.847999999999999865e+00 5.799257000000000772e+00 2.429278999999999744e+00
5.049134299999999712e+03 4.862582500000000437e+03 4.081000000000000405e+00 3.585999999999999854e+00 -1.876999999999999957e+01 5.948999999999999844e+00 5.444771999999999501e+00 1.243694999999999995e+00
4.458542999999999665e+03 5.045497599999999693e+03 1.555400000000000027e+01 6.878999999999999559e+00 -8.081999999999999318e+01 1.484800000000000075e+01 3.342238000000000042e+00 4.011039999999999495e+00
4.860832999999999629e+03 5.024127000000000407e+03 1.392800000000000082e+01 8.191000000000000725e+00 -4.784000000000000341e+01 1.112199999999999989e+01 2.813132000000000232e+01 4.981705000000000716e+00
4.771431199999999990e+03 4.910642600000000130e+03 5.248000000000000220e+00 4.618999999999999773e+00 -3.211999999999999744e+01 6.591999999999999638e+00 1.892398000000000025e+01 2.194917999999999925e+00
5.949285999999999603e+02 4.869078099999999722e+03 2.479999999999999982e+00 1.877000000000000002e+00 -3.739000000000000057e+01 3.838000000000000078e+00 1.113620999999999972e+00 9.097111999999999421e-01
5.067315400000000409e+03 5.013824700000000121e+03 1.105499999999999972e+01 7.889999999999999680e+00 -4.497999999999999687e+01 1.144100000000000072e+01 7.940588999999999231e+00 4.233312000000000630e+00
4.618148900000000140e+03 5.059012200000000121e+03 1.889099999999999824e+01 7.780999999999999694e+00 -4.871999999999999886e+01 1.546199999999999974e+01 1.114685000000000059e+01 4.984670000000000378e+00
4.964223100000000159e+03 4.906517100000000028e+03 3.565999999999999837e+00 2.790000000000000036e+00 -7.575000000000000000e+01 4.905000000000000249e+00 4.327707000000000193e+00 1.082772999999999985e+00
4.953075200000000223e+03 4.916641099999999824e+03 4.048000000000000043e+00 2.544999999999999929e+00 -3.471999999999999886e+01 4.863999999999999879e+00 4.270697999999999439e+00 1.127350000000000074e+00
5.148554699999999684e+03 5.008992699999999786e+03 6.509000000000000341e+00 5.302999999999999936e+00 5.832999999999999829e+01 8.417999999999999261e+00 4.674580000000000624e+00 2.838838000000000417e+00
4.572085399999999936e+03 4.948039999999999964e+03 5.099000000000000199e+00 2.967000000000000082e+00 2.800000000000000000e+01 6.168999999999999595e+00 3.996761999999999926e+00 1.410716000000000081e+00
4.844551300000000083e+03 5.012325200000000223e+03 1.130499999999999972e+01 4.059000000000000163e+00 -4.353000000000000114e+01 1.025999999999999979e+01 1.149208999999999925e+01 2.624233999999999956e+00
5.098592300000000250e+03 5.048800299999999879e+03 1.279100000000000037e+01 9.596999999999999531e+00 -1.721999999999999886e+01 1.336700000000000088e+01 1.049092000000000091e+01 5.035796999999999635e+00
4.534550799999999981e+03 5.095500000000000000e+03 1.746999999999999886e+01 1.039300000000000068e+01 -7.810999999999999943e+01 1.825000000000000000e+01 2.685338999999999920e+00 3.715206999999999926e+00
4.573686499999999796e+03 5.082271499999999833e+03 1.118900000000000006e+01 8.871000000000000441e+00 -3.259999999999999787e+00 1.432900000000000063e+01 6.083151999999999227e+00 3.777010999999999896e+00
4.591614300000000185e+03 5.053580600000000231e+03 5.793000000000000149e+00 3.080000000000000071e+00 8.000000000000000000e+00 8.951999999999999957e+00 5.983617999999999881e+00 1.603555999999999981e+00
4.572667000000000371e+03 5.067334499999999935e+03 4.682000000000000384e+00 2.096999999999999975e+00 4.815999999999999659e+01 5.376000000000000334e+00 4.217010000000000147e+00 1.031515999999999877e+00
5.080717800000000352e+03 5.241608900000000176e+03 1.243399999999999928e+01 6.251999999999999780e+00 -6.164000000000000057e+01 1.120800000000000018e+01 4.019919999999999938e+00 3.523295999999999761e+00
4.765072799999999916e+03 5.190744599999999991e+03 6.887999999999999901e+00 4.703999999999999737e+00 6.426000000000000512e+01 9.356999999999999318e+00 3.162471000000000032e+00 2.278605999999999909e+00
4.722290500000000065e+03 5.314240700000000288e+03 1.431799999999999962e+01 7.389999999999999680e+00 2.455000000000000071e+01 8.699999999999999289e+00 6.215281000000000233e+01 5.846096999999999433e+00
5.578383799999999610e+03 5.247752400000000307e+03 7.434000000000000163e+00 5.387999999999999901e+00 -7.179999999999999716e+00 9.964000000000000412e+00 2.293296999999999919e+00 2.336247000000000185e+00
4.783447799999999916e+03 5.336315899999999601e+03 1.272199999999999953e+01 7.549999999999999822e+00 -4.559999999999999609e+00 1.234900000000000020e+01 1.211947999999999936e+01 4.221658999999999828e+00
4.690436999999999898e+03 5.302116200000000390e+03 4.741999999999999993e+00 3.302999999999999936e+00 3.087000000000000099e+01 5.427999999999999936e+00 2.747129999999999850e+00 1.316801000000000110e+00
4.859133300000000418e+03 5.489900400000000445e+03 8.893000000000000682e+00 8.672000000000000597e+00 -5.686999999999999744e+01 9.926999999999999602e+00 1.778897999999999868e+01 4.474307000000000478e+00
4.856873999999999796e+03 5.408308100000000195e+03 6.522999999999999687e+00 3.613999999999999879e+00 -3.211999999999999744e+01 6.969999999999999751e+00 2.286389999999999922e+00 2.131151999999999713e+00
4.853283199999999852e+03 5.440908699999999953e+03 5.612000000000000099e+00 4.528999999999999915e+00 -6.954000000000000625e+01 7.948000000000000398e+00 2.666279999999999983e+00 2.086772000000000293e+00
6.781877400000000307e+03 5.468746600000000399e+03 9.776999999999999247e+00 7.089000000000000412e+00 9.300000000000000488e-01 1.894099999999999895e+01 9.803547999999999707e-01 3.663130999999999915e+00
4.768539600000000064e+03 5.769297899999999572e+03 1.256300000000000061e+01 1.012199999999999989e+01 7.635999999999999943e+01 1.366699999999999982e+01 3.474463000000000079e+02 5.782556000000000473e+00
4.866984400000000278e+03 5.606586400000000140e+03 9.272000000000000242e+00 7.174000000000000377e+00 8.359000000000000341e+01 1.318699999999999939e+01 3.492681999999999842e+00 3.696596999999999689e+00
4.768122999999999593e+03 5.691167999999999665e+03 1.781299999999999883e+01 9.820000000000000284e+00 -6.504999999999999716e+01 1.645799999999999841e+01 1.045432999999999879e+01 4.498463000000000100e+00
4.791124499999999898e+03 5.726359400000000278e+03 1.142999999999999972e+01 9.323999999999999844e+00 -2.837999999999999901e+01 1.075300000000000011e+01 8.760518999999999323e+01 5.103812000000000459e+00
4.825369099999999889e+03 5.655224100000000362e+03 1.026099999999999923e+01 6.477000000000000313e+00 -2.196000000000000085e+01 9.705999999999999517e+00 7.736407999999999952e+00 3.614395000000000024e+00
4.763028800000000047e+03 5.873976599999999962e+03 1.846999999999999886e+01 1.222300000000000075e+01 3.979999999999999716e+01 1.520599999999999952e+01 8.028293000000000745e+01 7.361142999999999326e+00
3.024079099999999926e+03 6.030918899999999667e+03 3.321399999999999864e+01 1.147499999999999964e+01 -7.845000000000000284e+01 2.435999999999999943e+01 6.262396999999999991e+00 6.869603000000000570e+00
5.997641999999999598e+02 5.645702599999999620e+03 3.047000000000000153e+00 2.188000000000000167e+00 5.039999999999999858e+01 5.956000000000000405e+00 1.299578999999999818e+00 1.824829000000000034e+00
4.520182600000000093e+03 6.015247999999999593e+03 2.975600000000000023e+01 1.070500000000000007e+01 5.252000000000000313e+01 1.073700000000000010e+01 7.485253000000000156e+00 6.149169000000000551e+00
4.851586400000000140e+03 5.629369599999999991e+03 5.142999999999999794e+00 2.742999999999999883e+00 -5.824000000000000199e+01 1.789300000000000068e+01 1.562688000000000077e+00 1.364566999999999863e+00
4.837580100000000130e+03 5.765784700000000157e+03 2.916199999999999903e+01 1.229899999999999949e+01 -1.826999999999999957e+01 3.217999999999999972e+01 1.506676000000000037e+01 4.040407000000000082e+00
4.712804699999999684e+03 5.728962900000000445e+03 1.221499999999999986e+01 7.347000000000000419e+00 -1.466999999999999993e+01 5.472999999999999865e+00 4.268797999999999426e+00 2.897235000000000227e+00
4.519127400000000307e+03 5.889296400000000176e+03 2.255199999999999960e+01 7.907000000000000028e+00 -5.332000000000000028e+01 1.678200000000000003e+01 1.914853000000000094e+01 5.784258999999999595e+00
4.642637700000000223e+03 5.724039099999999962e+03 6.956000000000000405e+00 4.647000000000000242e+00 5.597999999999999687e+01 4.277000000000000135e+00 1.587400000000000144e+00 1.819422000000000095e+00
4.640020999999999731e+03 5.894008799999999610e+03 1.555899999999999928e+01 1.093900000000000006e+01 7.014000000000000057e+01 1.781099999999999994e+01 2.157360999999999862e+01 5.571704999999999686e+00
4.581508799999999610e+03 5.845564500000000407e+03 1.803000000000000114e+01 7.325999999999999623e+00 -2.460999999999999943e+01 1.152800000000000047e+01 2.347346999999999895e+01 4.228654999999999831e+00
4.115075700000000325e+03 5.753216800000000148e+03 6.621999999999999886e+00 3.370999999999999996e+00 -5.484000000000000341e+01 1.657700000000000173e+01 1.088813999999999949e+00 2.459506999999999888e+00
4.891035200000000259e+03 5.743752400000000307e+03 5.556000000000000050e+00 5.261000000000000121e+00 -1.475999999999999979e+01 7.134999999999999787e+00 2.526942999999999717e+00 2.287237000000000187e+00
5.138979999999999563e+03 5.773798300000000381e+03 9.493000000000000327e+00 5.548000000000000043e+00 -4.778999999999999915e+01 1.442600000000000016e+01 1.889257000000000186e+00 3.023693999999999882e+00
4.793901899999999841e+03 5.816479500000000371e+03 1.476399999999999935e+01 8.378000000000000114e+00 2.580000000000000071e+01 1.363799999999999990e+01 6.935067999999999699e+01 4.394322999999999979e+00
4.654795399999999972e+03 5.723997099999999591e+03 6.764999999999999680e+00 2.802000000000000046e+00 7.769999999999999574e+00 2.714999999999999858e+00 1.296485000000000110e+00 1.547273000000000120e+00
4.924412099999999555e+03 5.771222700000000259e+03 6.408999999999999808e+00 4.996999999999999886e+00 -8.828000000000000114e+01 9.346000000000000085e+00 2.352803000000000200e+00 2.126523999999999859e+00
5.273826200000000426e+03 5.751617699999999786e+03 4.740999999999999659e+00 3.576999999999999957e+00 -2.785000000000000142e+01 8.788999999999999702e+00 1.543653000000000164e+00 1.578788999999999998e+00
4.721357399999999870e+03 5.833780800000000454e+03 1.190199999999999925e+01 6.935999999999999943e+00 8.406000000000000227e+01 3.718299999999999983e+01 1.439264999999999972e+01 3.406721000000000110e+00
4.933388200000000325e+03 5.842110800000000381e+03 7.530999999999999694e+00 5.725999999999999979e+00 -5.135000000000000142e+01 8.401999999999999247e+00 1.141468000000000060e+01 3.004081000000000223e+00
4.555972700000000259e+03 5.878985800000000381e+03 1.578800000000000026e+01 6.025999999999999801e+00 -4.570000000000000284e+01 1.462800000000000011e+01 2.154727000000000103e+01 3.756085000000000118e+00
4.874957999999999629e+03 5.840605499999999665e+03 7.184999999999999609e+00 5.469999999999999751e+00 -6.868999999999999773e+01 7.793999999999999595e+00 5.056931999999999761e+00 2.365582000000000296e+00
4.618300799999999981e+03 5.812544399999999769e+03 1.051099999999999923e+01 3.916999999999999815e+00 -2.998000000000000043e+01 1.471799999999999997e+01 2.036993000000000009e+01 2.555763999999999925e+00
4.991170900000000074e+03 5.841077599999999620e+03 1.148399999999999999e+01 5.120000000000000107e+00 4.421000000000000085e+01 1.290199999999999925e+01 4.198503000000000540e+00 3.076987000000000361e+00
3.165836699999999837e+03 6.000467300000000250e+03 1.943799999999999883e+01 7.977000000000000313e+00 -8.101000000000000512e+01 1.545400000000000063e+01 5.574942999999999316e+00 4.748831999999999276e+00
4.642507800000000316e+03 5.794053700000000390e+03 8.410000000000000142e+00 3.718999999999999861e+00 -1.582000000000000028e+01 1.239899999999999913e+01 1.523848000000000091e+01 2.043839999999999879e+00
4.762495600000000195e+03 5.794949200000000019e+03 4.690000000000000391e+00 3.745999999999999996e+00 -2.842999999999999972e+01 6.043999999999999595e+00 1.645516999999999825e+02 1.624916999999999945e+00
4.675319300000000112e+03 6.012334499999999935e+03 1.917699999999999960e+01 6.586999999999999744e+00 -3.524000000000000199e+01 1.577399999999999913e+01 2.091923999999999850e+01 5.025024999999999409e+00
4.803004399999999805e+03 5.789005400000000009e+03 4.075999999999999623e+00 2.814999999999999947e+00 4.279999999999999716e+01 4.860999999999999766e+00 9.105281999999998988e+00 1.203435000000000032e+00
5.130213399999999638e+03 5.914455100000000130e+03 1.089899999999999913e+01 7.301000000000000156e+00 -6.435999999999999943e+01 1.127100000000000080e+01 8.397783999999999693e+00 4.041627000000000081e+00
4.873695800000000418e+03 5.789707000000000335e+03 2.544999999999999929e+00 2.209000000000000075e+00 -8.570999999999999375e+01 6.604000000000000092e+00 1.263467000000000118e+00 8.709822000000000397e-01
4.957929699999999684e+03 5.834595699999999852e+03 7.759999999999999787e+00 4.777999999999999581e+00 4.280000000000000249e+00 9.561999999999999389e+00 4.376503999999999728e+00 2.378044000000000047e+00
5.005595699999999852e+03 5.871632800000000316e+03 6.701999999999999957e+00 4.439000000000000057e+00 -6.931999999999999318e+01 6.937000000000000277e+00 1.043425000000000047e+01 2.419118999999999797e+00
5.057756300000000010e+03 5.904742199999999684e+03 1.045599999999999952e+01 4.019000000000000128e+00 -8.850000000000000000e+01 9.085000000000000853e+00 1.290350999999999804e+00 2.100887999999999867e+00
4.937815400000000409e+03 5.898400400000000445e+03 1.012899999999999956e+01 5.584999999999999964e+00 3.878999999999999915e+01 9.131999999999999673e+00 8.285181000000001461e+00 3.354262000000000299e+00
4.676354000000000269e+03 5.920683100000000195e+03 1.256000000000000050e+01 6.375000000000000000e+00 -1.960000000000000142e+01 1.604400000000000048e+01 1.835629999999999740e+01 3.915332999999999952e+00
5.269858400000000074e+03 5.877604000000000269e+03 8.753999999999999559e+00 4.783000000000000362e+00 -2.573000000000000043e+01 1.377100000000000080e+01 2.315536999999999956e+00 2.457502999999999993e+00
4.513860800000000381e+03 5.836644500000000335e+03 6.294999999999999929e+00 2.463000000000000078e+00 -3.669999999999999929e+00 4.713000000000000078e+00 1.073045999999999944e+00 1.678598999999999952e+00
4.760564000000000306e+03 5.830349100000000362e+03 2.640000000000000124e+00 2.148000000000000131e+00 -2.555999999999999872e+01 9.275000000000000355e+00 1.156077999999999939e+01 1.017087999999999992e+00
4.673426300000000083e+03 5.965810499999999593e+03 1.392500000000000071e+01 5.107999999999999652e+00 8.696999999999999886e+01 5.737899999999999778e+01 9.922883000000000564e+00 3.432650000000000201e+00
4.679797400000000380e+03 5.834862799999999879e+03 3.474000000000000199e+00 1.614000000000000101e+00 2.357999999999999829e+01 1.410999999999999943e+01 3.956720000000000237e+00 8.480576000000000780e-01
4.866811999999999898e+03 5.850241200000000390e+03 3.374000000000000110e+00 2.967999999999999972e+00 -3.779999999999999716e+01 5.897999999999999687e+00 5.721650000000000347e+00 1.174431999999999920e+00
4.734814900000000307e+03 6.046799299999999675e+03 1.032000000000000028e+01 8.746000000000000441e+00 -2.030999999999999872e+01 1.049900000000000055e+01 6.264029999999999632e+01 5.489762999999999948e+00
4.689515599999999722e+03 5.839520499999999629e+03 4.511999999999999567e+00 2.111000000000000210e+00 -2.339999999999999858e+00 1.795299999999999940e+01 4.214426999999999701e+00 1.140382999999999925e+00
4.364872999999999593e+03 5.944283199999999852e+03 8.199999999999999289e+00 6.873000000000000220e+00 7.471999999999999886e+01 1.481499999999999950e+01 1.924598000000000031e+00 3.479683999999999777e+00
5.314072299999999814e+03 5.856868199999999888e+03 5.211000000000000298e+00 2.543000000000000149e+00 -2.064999999999999858e+01 8.244999999999999218e+00 1.259637000000000118e+00 1.350049999999999972e+00
5.000567399999999907e+03 5.930233900000000176e+03 7.230999999999999872e+00 5.897999999999999687e+00 -7.784000000000000341e+01 8.044999999999999929e+00 4.213612999999999609e+00 2.633602999999999916e+00
4.840733900000000176e+03 5.908655800000000454e+03 1.432799999999999940e+01 5.272000000000000242e+00 -1.219999999999999929e+01 5.616599999999999682e+01 3.060855000000000103e+00 2.745331000000000188e+00
5.292025899999999638e+03 5.878453099999999722e+03 5.176999999999999602e+00 3.697999999999999954e+00 -5.760999999999999943e+01 1.116900000000000048e+01 1.324065999999999965e+00 1.597399999999999931e+00
4.876588899999999740e+03 5.904302200000000084e+03 6.724999999999999645e+00 4.426000000000000156e+00 -6.196999999999999886e+01 6.137999999999999901e+00 3.642996000000000123e+00 1.909259000000000039e+00
5.243190400000000409e+03 5.889784200000000055e+03 7.184000000000000163e+00 4.884999999999999787e+00 -2.589999999999999858e+01 1.254599999999999937e+01 1.728307000000000038e+00 2.256883999999999890e+00
4.802954600000000028e+03 5.936080100000000130e+03 1.130199999999999960e+01 7.777999999999999581e+00 2.846999999999999886e+01 1.302399999999999913e+01 5.119743999999999851e+00 3.551149000000000111e+00
5.072126000000000204e+03 5.926344699999999648e+03 7.625000000000000000e+00 6.280000000000000249e+00 8.967000000000000171e+01 1.135599999999999987e+01 1.859847000000000028e+00 2.565383000000000191e+00
4.977856399999999667e+03 5.905491699999999582e+03 7.084999999999999964e+00 5.073999999999999844e+00 3.342999999999999972e+01 9.551000000000000156e+00 1.901051000000000046e+00 2.228327999999999864e+00
4.800338399999999638e+03 5.966747999999999593e+03 1.016600000000000037e+01 8.278000000000000469e+00 -6.186999999999999744e+01 6.482000000000000206e+00 4.137611000000000594e+00 3.242247000000000323e+00
5.158064500000000407e+03 5.923328099999999722e+03 7.057999999999999829e+00 6.025999999999999801e+00 -1.687000000000000099e+01 8.638999999999999346e+00 4.500192000000000192e+00 2.694620999999999711e+00
4.595921400000000176e+03 5.990597200000000157e+03 1.187100000000000044e+01 8.804000000000000270e+00 4.889999999999999858e+01 6.738000000000000433e+00 6.544005000000000294e+00 3.673872999999999944e+00
4.627795900000000074e+03 5.943075200000000223e+03 8.478999999999999204e+00 7.535000000000000142e+00 -1.635999999999999943e+01 1.424300000000000033e+01 5.439430999999999905e+00 2.780985999999999958e+00
4.823770999999999731e+03 5.880428200000000288e+03 3.040000000000000036e+00 2.629999999999999893e+00 1.117999999999999972e+01 4.017999999999999794e+00 2.165804000000000062e+00 1.127350000000000074e+00
5.211587400000000343e+03 5.895586400000000140e+03 4.378999999999999559e+00 3.557999999999999829e+00 -6.743000000000000682e+01 7.126999999999999780e+00 1.452234000000000025e+00 1.521591000000000138e+00
4.890603500000000167e+03 5.920595199999999750e+03 6.759000000000000341e+00 5.903999999999999915e+00 -1.696000000000000085e+01 1.070899999999999963e+01 2.250928000000000040e+00 2.070181999999999967e+00
4.881296400000000176e+03 5.876458499999999731e+03 3.657999999999999918e+00 1.885999999999999899e+00 -2.260000000000000142e+01 6.147999999999999687e+00 1.533789000000000069e+00 9.826004000000000405e-01
4.718872999999999593e+03 5.893541500000000269e+03 3.557999999999999829e+00 2.531000000000000139e+00 8.384999999999999432e+01 1.497100000000000009e+01 1.832167999999999797e+00 1.140382999999999925e+00
4.475140599999999722e+03 5.922525899999999638e+03 6.493000000000000327e+00 5.482000000000000206e+00 -4.000000000000000000e+00 8.721999999999999531e+00 3.955220999999999876e+00 2.197160999999999920e+00
4.353372999999999593e+03 5.926738299999999981e+03 5.665000000000000036e+00 3.758999999999999897e+00 -8.504000000000000625e+01 1.082499999999999929e+01 1.133813999999999877e+00 1.699016999999999999e+00
4.832071299999999610e+03 5.893615700000000288e+03 2.584999999999999964e+00 2.275999999999999801e+00 2.480000000000000071e+01 4.059999999999999609e+00 1.668654000000000082e+00 9.416405999999999388e-01
3.179488299999999981e+03 6.028763200000000325e+03 2.055799999999999983e+01 6.993999999999999773e+00 5.700000000000000000e+01 1.971099999999999852e+01 5.313660999999999746e+00 4.464387000000000327e+00
4.996904800000000250e+03 5.910344699999999648e+03 3.148000000000000131e+00 2.624000000000000110e+00 -3.162999999999999901e+01 4.549000000000000377e+00 1.132921000000000067e+00 1.017087999999999992e+00
5.087997099999999591e+03 5.932782699999999750e+03 6.032000000000000028e+00 3.762000000000000011e+00 1.205000000000000071e+01 8.076999999999999957e+00 1.873950000000000005e+00 1.736299000000000037e+00
4.370593799999999646e+03 5.925231899999999769e+03 3.668000000000000149e+00 3.468999999999999861e+00 -2.242999999999999972e+01 6.400999999999999801e+00 1.278450000000000086e+00 1.313055000000000083e+00
5.204151899999999841e+03 5.931282699999999750e+03 4.091999999999999638e+00 3.681999999999999940e+00 -7.801000000000000512e+01 6.041999999999999815e+00 1.483650999999999831e+00 1.505317000000000016e+00
4.011814899999999852e+03 6.208028800000000047e+03 2.248900000000000077e+01 9.221000000000000085e+00 -5.178999999999999915e+01 1.630499999999999972e+01 4.247762000000000171e+01 6.589989000000000097e+00
3.046891099999999824e+03 5.955070300000000316e+03 6.091000000000000192e+00 2.938000000000000167e+00 8.907999999999999829e+01 1.975700000000000145e+01 1.177181999999999951e+00 1.482231999999999994e+00
4.737276899999999841e+03 5.979431599999999889e+03 1.047100000000000009e+01 3.547000000000000153e+00 -3.711999999999999744e+01 -5.668800000000000239e+01 4.963086999999999804e+00 2.261244999999999727e+00
4.381790500000000065e+03 5.960395999999999731e+03 4.879999999999999893e+00 3.931999999999999940e+00 -8.957999999999999829e+01 6.815000000000000391e+00 1.473963999999999830e+00 1.657928999999999986e+00
3.159312500000000000e+03 5.971810099999999693e+03 7.485000000000000320e+00 5.009000000000000341e+00 -6.973999999999999488e+01 8.756999999999999673e+00 2.900204000000000004e+00 2.117237999999999953e+00
4.619188000000000102e+03 5.965761199999999917e+03 4.354000000000000092e+00 3.834999999999999964e+00 -6.074000000000000199e+01 1.643700000000000117e+01 3.561728000000000005e+00 1.511846999999999941e+00
4.583004899999999907e+03 5.948230999999999767e+03 2.793000000000000149e+00 1.947000000000000064e+00 -8.265999999999999659e+01 9.945000000000000284e+00 1.884284999999999988e+00 9.416405999999999388e-01
4.824689000000000306e+03 5.997699200000000019e+03 7.312000000000000277e+00 2.685000000000000053e+00 -6.232999999999999829e+01 7.541000000000000369e+00 2.431630999999999876e+00 1.556794999999999929e+00
4.437638200000000325e+03 5.963994599999999991e+03 5.362000000000000099e+00 3.326999999999999957e+00 1.903000000000000114e+01 8.648999999999999133e+00 1.495389999999999997e+00 1.775574999999999903e+00
4.758948699999999917e+03 5.972804699999999684e+03 5.897999999999999687e+00 3.640000000000000124e+00 -1.536999999999999922e+01 2.057799999999999940e+01 4.748901000000000039e+00 1.838276999999999939e+00
4.428037599999999657e+03 6.017491200000000390e+03 8.885999999999999233e+00 3.615000000000000213e+00 5.540999999999999659e+01 1.999000000000000110e+00 1.536885000000000057e+00 2.373896999999999924e+00
4.321219699999999648e+03 5.971575700000000325e+03 6.126999999999999780e+00 2.454000000000000181e+00 -4.735000000000000142e+01 7.152000000000000135e+00 9.218184999999999851e-01 1.267236999999999947e+00
4.534152299999999741e+03 5.968451200000000426e+03 3.434000000000000163e+00 2.443000000000000060e+00 -7.015999999999999659e+01 1.555000000000000071e+01 1.462977999999999890e+00 9.572059000000000539e-01
5.234805199999999786e+03 6.002211900000000242e+03 5.131000000000000227e+00 4.584999999999999964e+00 -3.461999999999999744e+01 6.293000000000000149e+00 8.648208999999999591e+00 2.243749000000000215e+00
4.059147500000000036e+03 6.215232399999999870e+03 1.532600000000000051e+01 1.049900000000000055e+01 8.154999999999999716e+01 1.593399999999999928e+01 1.392496000000000045e+01 5.550445999999999991e+00
4.487781699999999546e+03 6.012213399999999638e+03 6.357999999999999652e+00 3.165000000000000036e+00 8.973000000000000398e+01 8.403000000000000469e+00 1.844981999999999900e+00 1.606624999999999970e+00
5.544362299999999777e+03 5.998296400000000176e+03 5.554000000000000270e+00 3.880999999999999783e+00 3.137999999999999901e+01 7.365000000000000213e+00 2.163923999999999737e+00 1.822127999999999970e+00
5.559127000000000407e+03 6.023104999999999563e+03 6.608999999999999986e+00 4.118999999999999773e+00 7.110999999999999943e+01 7.913000000000000256e+00 3.265859999999999985e+00 2.077307999999999932e+00
4.623754399999999805e+03 6.038648400000000038e+03 1.872299999999999898e+01 6.655000000000000249e+00 6.199999999999999956e-01 1.774800000000000111e+01 1.090216999999999992e+01 4.403280999999999779e+00
4.415968799999999646e+03 6.056067900000000009e+03 1.123499999999999943e+01 5.983999999999999986e+00 7.018000000000000682e+01 1.643100000000000094e+01 1.097424999999999873e+00 2.479455000000000187e+00
4.461816899999999805e+03 5.992289999999999964e+03 3.899999999999999911e+00 2.064999999999999947e+00 -7.406999999999999318e+01 6.001999999999999780e+00 1.059450000000000003e+00 9.925763999999999143e-01
5.442060099999999693e+03 6.065488800000000083e+03 1.081499999999999950e+01 8.458000000000000185e+00 -1.396000000000000085e+01 1.219100000000000072e+01 9.683870999999999896e+00 4.075610999999999429e+00
4.587101599999999962e+03 6.010277299999999741e+03 4.461000000000000298e+00 4.086000000000000298e+00 8.879000000000000625e+01 7.402999999999999581e+00 4.577414999999999345e+00 1.572536999999999852e+00
4.457114300000000185e+03 6.023726099999999860e+03 7.331999999999999851e+00 3.391999999999999904e+00 3.615999999999999659e+01 4.679000000000000270e+00 2.428242000000000012e+00 1.864881999999999929e+00
4.388593799999999646e+03 6.015898400000000038e+03 5.370000000000000107e+00 4.081999999999999851e+00 1.942999999999999972e+01 7.097000000000000419e+00 1.357693000000000039e+00 1.696115000000000039e+00
4.684063500000000204e+03 6.085451200000000426e+03 1.116600000000000037e+01 7.668999999999999595e+00 3.567999999999999972e+01 1.085200000000000031e+01 3.032642999999999756e+00 3.411055999999999866e+00
4.392278800000000047e+03 6.030348100000000159e+03 5.591000000000000192e+00 3.865000000000000213e+00 1.325999999999999979e+01 6.995000000000000107e+00 1.370862000000000025e+00 1.699016999999999999e+00
4.440130900000000111e+03 6.016582500000000437e+03 2.790000000000000036e+00 1.786000000000000032e+00 -3.151000000000000156e+01 3.072000000000000064e+00 1.486651000000000167e+00 9.826004000000000405e-01
4.644076200000000426e+03 6.059687500000000000e+03 1.387100000000000044e+01 4.815000000000000391e+00 3.160000000000000142e+00 1.217500000000000071e+01 5.011149000000000520e+00 3.048033999999999910e+00
4.705216300000000047e+03 6.076108400000000074e+03 6.246000000000000441e+00 4.825999999999999623e+00 -4.617999999999999972e+01 7.554999999999999716e+00 3.304420000000000357e+00 2.070181999999999967e+00
4.401942399999999907e+03 6.037837400000000343e+03 3.391999999999999904e+00 2.084999999999999964e+00 -2.467000000000000171e+01 5.059000000000000163e+00 1.141990000000000061e+00 9.416405999999999388e-01
4.576013200000000325e+03 6.067331500000000233e+03 6.285999999999999588e+00 3.938000000000000167e+00 -9.439999999999999503e+00 3.700000000000000178e+00 4.494949000000000083e+00 1.885895000000000099e+00
3.179430400000000191e+03 6.154872599999999693e+03 9.791999999999999815e+00 4.336999999999999744e+00 -6.039999999999999858e+01 1.123099999999999987e+01 1.453108999999999984e+00 2.707386999999999766e+00
4.546479999999999563e+03 6.060772500000000036e+03 5.464000000000000412e+00 2.834000000000000075e+00 2.009999999999999787e+00 7.020999999999999908e+00 2.336113999999999802e+00 1.438379999999999992e+00
4.562441899999999805e+03 6.062149400000000242e+03 3.181000000000000050e+00 2.831999999999999851e+00 -1.209999999999999964e+00 5.344999999999999751e+00 3.440091000000000232e+00 1.105285999999999991e+00
3.096639400000000023e+03 6.145286100000000260e+03 9.281000000000000583e+00 6.341999999999999638e+00 6.415000000000000568e+01 1.456000000000000050e+01 1.448034000000000043e+00 2.378044000000000047e+00
3.049507300000000214e+03 6.106008799999999610e+03 7.692999999999999616e+00 5.745000000000000107e+00 3.739999999999999858e+01 9.865000000000000213e+00 4.830187999999999704e+00 2.378044000000000047e+00
3.090404500000000098e+03 6.082433100000000195e+03 7.911999999999999922e+00 3.972999999999999865e+00 1.000000000000000000e+01 9.368999999999999773e+00 1.530105999999999966e+00 2.254700000000000149e+00
3.210157499999999800e+03 6.105247099999999591e+03 7.016000000000000014e+00 4.097999999999999865e+00 7.034000000000000341e+01 6.639999999999999680e+00 1.012950000000000017e+00 1.982670000000000154e+00
3.123300999999999931e+03 6.136706100000000333e+03 1.015399999999999991e+01 6.671000000000000263e+00 3.902000000000000313e+01 1.258999999999999986e+01 1.598018000000000161e+00 2.714655000000000040e+00
3.036666299999999865e+03 6.091663099999999758e+03 4.918999999999999595e+00 2.547000000000000153e+00 7.131000000000000227e+01 5.591999999999999638e+00 4.674916000000000516e+00 1.263343000000000105e+00
4.838567399999999907e+03 6.095944300000000112e+03 3.258000000000000007e+00 2.040999999999999925e+00 -7.076999999999999602e+01 4.334999999999999964e+00 1.138942999999999817e+00 1.448616999999999821e+00
3.113416700000000219e+03 6.133833999999999833e+03 8.692000000000000171e+00 4.182999999999999829e+00 3.082000000000000028e+01 7.237000000000000099e+00 1.434857000000000049e+00 1.840955000000000119e+00
4.617034200000000055e+03 6.099965299999999843e+03 2.475000000000000089e+00 2.055000000000000160e+00 -6.790999999999999659e+01 4.730999999999999872e+00 9.774395000000000167e-01 1.144695000000000018e+00
4.530460399999999936e+03 6.108856399999999667e+03 3.403000000000000025e+00 2.156000000000000139e+00 -5.592999999999999972e+01 4.770999999999999908e+00 9.225936000000000137e-01 9.975268999999999942e-01
3.206575400000000172e+03 6.115585900000000038e+03 4.913999999999999702e+00 3.394000000000000128e+00 -3.144999999999999929e+01 8.925000000000000711e+00 1.002045999999999992e+00 1.400201000000000029e+00
4.559435999999999694e+03 6.122075700000000325e+03 3.232000000000000206e+00 3.081999999999999851e+00 -2.262999999999999901e+01 4.618000000000000327e+00 9.636541999999999053e-01 1.118576999999999932e+00
4.545854999999999563e+03 6.127783699999999953e+03 4.104000000000000092e+00 3.553999999999999826e+00 3.080000000000000071e+00 4.628000000000000114e+00 9.816875999999999935e-01 1.342731999999999815e+00
4.531426300000000083e+03 6.117625000000000000e+03 2.734999999999999876e+00 2.439999999999999947e+00 -8.620999999999999375e+01 5.453000000000000291e+00 8.799932000000000309e-01 9.258136000000000143e-01
3.929183599999999842e+03 6.227025899999999638e+03 1.011500000000000021e+01 8.053000000000000824e+00 -5.334000000000000341e+01 1.102599999999999980e+01 7.996612999999999971e+00 3.964096999999999760e+00
4.040722400000000107e+03 6.276622999999999593e+03 1.794000000000000128e+01 1.055300000000000082e+01 -4.035000000000000142e+01 1.144100000000000072e+01 2.952710999999999864e+00 5.026985000000000703e+00
4.689429199999999582e+03 6.148281200000000354e+03 2.955000000000000071e+00 1.679999999999999938e+00 -7.482999999999999829e+01 4.017000000000000348e+00 1.275606999999999935e+00 8.304489000000000454e-01
4.099679199999999582e+03 6.247547899999999572e+03 1.240900000000000070e+01 4.621999999999999886e+00 5.032000000000000028e+01 1.889000000000000057e+01 2.572131999999999863e+00 2.631731999999999960e+00
4.667438000000000102e+03 6.180997099999999591e+03 3.716000000000000192e+00 2.382000000000000117e+00 8.843999999999999773e+01 5.389999999999999680e+00 1.104425999999999908e+00 1.082772999999999985e+00
4.008065900000000056e+03 6.259585000000000036e+03 8.615000000000000213e+00 8.048999999999999488e+00 7.054000000000000625e+01 1.137599999999999945e+01 4.917005999999999766e+00 2.987638000000000016e+00
5.249227499999999964e+03 6.233511700000000019e+03 2.928999999999999826e+00 2.112999999999999989e+00 -9.710000000000000853e+00 4.839000000000000412e+00 9.141114000000000184e-01 9.204774000000000012e-01
4.046895500000000084e+03 6.311826200000000426e+03 8.737999999999999545e+00 6.346000000000000085e+00 -5.996999999999999886e+01 1.467099999999999937e+01 1.370790999999999871e+00 2.511041000000000079e+00
5.272600599999999758e+03 6.278073199999999815e+03 4.232000000000000206e+00 2.588999999999999968e+00 -2.049999999999999822e+00 5.884999999999999787e+00 1.082065999999999972e+00 1.235746999999999929e+00
4.019600100000000111e+03 6.293687500000000000e+03 4.746000000000000441e+00 2.604000000000000092e+00 -1.456000000000000050e+01 -1.393599999999999994e+01 1.447410000000000085e+00 1.144695000000000018e+00
3.894149199999999837e+03 6.337701699999999619e+03 8.617000000000000881e+00 4.355000000000000426e+00 -3.718999999999999773e+01 1.274200000000000088e+01 1.333345999999999920e+00 2.017152999999999974e+00
3.899487799999999879e+03 6.348376000000000204e+03 6.911999999999999922e+00 4.467999999999999972e+00 -2.341000000000000014e+01 1.054400000000000048e+01 1.427864999999999940e+00 1.914412000000000003e+00
4.144313500000000204e+03 6.348645999999999731e+03 3.971999999999999975e+00 3.162999999999999812e+00 7.795000000000000284e+01 6.171999999999999709e+00 1.381152000000000157e+00 1.353693999999999953e+00
3.456077099999999973e+03 6.456560499999999593e+03 1.159699999999999953e+01 5.416000000000000369e+00 -8.645000000000000284e+01 1.326699999999999946e+01 2.284314999999999873e+00 3.159138000000000002e+00
4.106751500000000306e+03 6.408995600000000195e+03 4.751000000000000334e+00 4.418000000000000149e+00 -5.831000000000000227e+01 1.314700000000000024e+01 8.255018000000000633e-01 1.654954999999999954e+00
4.065008499999999913e+03 6.384895499999999629e+03 2.790999999999999925e+00 2.249000000000000110e+00 8.353000000000000114e+01 6.341000000000000192e+00 8.051815999999999418e-01 9.151101999999999848e-01
3.671846700000000055e+03 6.442204600000000028e+03 5.858999999999999986e+00 4.173000000000000043e+00 -1.297000000000000064e+01 1.614000000000000057e+01 1.839266000000000068e+00 2.206111000000000377e+00
4.122962400000000343e+03 6.415248499999999694e+03 3.665999999999999925e+00 3.386000000000000121e+00 6.093999999999999773e+01 1.055400000000000027e+01 8.689611000000000418e-01 1.278845000000000010e+00
3.548390600000000177e+03 6.468840799999999945e+03 6.612000000000000099e+00 4.136000000000000121e+00 -2.507999999999999829e+01 1.124000000000000021e+01 1.517577999999999872e+00 2.002447000000000088e+00
3.486333999999999833e+03 6.470741699999999582e+03 4.703999999999999737e+00 3.108999999999999986e+00 -2.220000000000000195e+00 9.977999999999999758e+00 2.024453999999999976e+00 1.657928999999999986e+00
3.764310100000000148e+03 6.476456100000000333e+03 4.982999999999999652e+00 2.927999999999999936e+00 1.336999999999999922e+01 1.076099999999999923e+01 8.366921000000000497e-01 1.396679000000000004e+00
3.728890600000000177e+03 6.506026399999999740e+03 3.289000000000000146e+00 2.956999999999999851e+00 5.870000000000000107e+00 8.958999999999999631e+00 1.350033000000000039e+00 1.199335000000000040e+00
4.521770000000000437e+03 6.544710000000000036e+03 1.146599999999999930e+01 3.938000000000000167e+00 -2.619000000000000128e+01 1.264700000000000024e+01 1.421632000000000007e+00 2.406870000000000065e+00
3.680977499999999964e+03 6.529988800000000083e+03 3.129000000000000004e+00 2.293000000000000149e+00 -3.799000000000000199e+01 8.183999999999999275e+00 8.794507999999999770e-01 9.876010000000000622e-01
4.023451700000000073e+03 6.635250500000000102e+03 3.524999999999999911e+00 3.077999999999999847e+00 -2.105999999999999872e+01 5.245000000000000107e+00 1.907658999999999994e+00 1.309298000000000073e+00
3.780565900000000056e+03 6.809256800000000112e+03 4.562999999999999723e+00 3.936999999999999833e+00 3.003999999999999915e+01 8.564999999999999503e+00 2.132716999999999974e+00 1.704805999999999822e+00
4.155138700000000426e+03 6.974024900000000343e+03 6.951999999999999957e+00 4.955000000000000071e+00 -4.850000000000000000e+01 1.218699999999999939e+01 1.562617000000000145e+00 2.158710999999999824e+00
4.549371600000000399e+03 7.154022500000000036e+03 3.705000000000000071e+00 3.157999999999999918e+00 -1.347000000000000064e+01 7.411999999999999922e+00 1.158058999999999950e+00 1.290349000000000190e+00
4.528630900000000111e+03 7.197919399999999769e+03 2.805000000000000160e+00 2.357000000000000206e+00 -3.606000000000000227e+01 5.097000000000000419e+00 1.004193000000000113e+00 9.623384000000000382e-01
2.814502399999999852e+03 7.361886700000000019e+03 1.082499999999999929e+01 4.040000000000000036e+00 8.879999999999999716e+01 1.664000000000000057e+01 1.398011999999999810e+00 2.386314999999999742e+00
2.717132799999999861e+03 7.369690899999999601e+03 1.033399999999999963e+01 4.528999999999999915e+00 7.412999999999999545e+01 1.881400000000000006e+01 1.227306999999999926e+00 2.497272000000000158e+00
2.795312500000000000e+03 7.400072799999999916e+03 8.675000000000000711e+00 5.645999999999999908e+00 -5.964999999999999858e+01 1.267699999999999960e+01 1.698938999999999977e+00 2.635472000000000037e+00
2.824310100000000148e+03 7.399239700000000084e+03 6.041999999999999815e+00 4.440999999999999837e+00 7.679999999999999716e+00 9.923000000000000043e+00 2.778934000000000015e+00 2.217247999999999664e+00
2.811683300000000145e+03 7.389446299999999610e+03 4.027999999999999581e+00 3.076999999999999957e+00 6.539000000000000057e+01 1.646799999999999997e+01 1.242053999999999991e+00 1.191092000000000040e+00
5.696480999999999995e+02 7.476582999999999629e+03 3.346000000000000085e+00 2.592999999999999972e+00 6.120000000000000107e+00 5.791999999999999815e+00 1.516548000000000007e+00 1.114163999999999932e+00
6.055397000000000389e+02 7.569796900000000278e+03 4.907000000000000028e+00 1.679999999999999938e+00 4.689000000000000057e+01 6.469000000000000306e+00 1.156914999999999916e+00 1.050443999999999933e+00
3.059224099999999908e+03 7.754609900000000380e+03 3.712000000000000188e+00 3.035000000000000142e+00 3.875999999999999801e+01 5.966999999999999638e+00 1.536075999999999997e+00 1.301752000000000020e+00
7.708631000000000313e+02 7.816181599999999889e+03 3.258000000000000007e+00 2.246999999999999886e+00 -3.445000000000000284e+01 4.177999999999999936e+00 1.388712999999999864e+00 1.012232999999999938e+00
8.254112999999999829e+02 7.848341800000000148e+03 3.092000000000000082e+00 1.625999999999999890e+00 -2.185999999999999943e+01 4.740000000000000213e+00 9.780964000000000880e-01 8.304489000000000454e-01
7.729737999999999829e+02 7.878881800000000112e+03 3.906000000000000139e+00 2.479000000000000092e+00 6.454000000000000625e+01 5.463000000000000078e+00 1.361949999999999994e+00 1.148989999999999956e+00
9.707415999999999485e+02 7.917248499999999694e+03 2.471999999999999975e+00 1.754999999999999893e+00 2.180999999999999872e+01 3.830000000000000071e+00 8.878389999999999338e-01 7.688462999999999825e-01
1.174540999999999940e+03 7.966959499999999935e+03 2.980999999999999872e+00 1.969000000000000083e+00 -5.107999999999999829e+01 4.953999999999999737e+00 8.110008999999999135e-01 8.877873000000000570e-01
9.003722000000000207e+02 8.093052200000000084e+03 3.403000000000000025e+00 2.302000000000000046e+00 -7.987999999999999545e+01 4.330000000000000071e+00 1.117531999999999970e+00 8.653079999999999661e-01
9.874560999999999922e+02 8.199803700000000390e+03 3.210999999999999854e+00 1.655000000000000027e+00 -1.058000000000000007e+01 5.602000000000000313e+00 9.106617999999999657e-01 8.422288999999999470e-01
7.096982399999999870e+03 8.516577100000000428e+03 3.221999999999999975e+00 2.621999999999999886e+00 -7.851999999999999602e+01 5.737000000000000099e+00 9.951306000000000873e-01 1.007355000000000000e+00
7.017944300000000112e+03 8.520915999999999258e+03 3.696000000000000174e+00 1.397999999999999909e+00 -1.825000000000000000e+01 4.594999999999999751e+00 9.632214999999999527e-01 8.363596999999999282e-01
4.346095699999999852e+03 8.514700199999999313e+03 3.299999999999999822e+00 1.812999999999999945e+00 -2.285000000000000142e+01 4.730000000000000426e+00 9.952263000000000082e-01 1.290349000000000190e+00
2.780525399999999991e+03 8.507238300000000891e+03 4.272000000000000242e+00 2.212000000000000188e+00 -3.089999999999999858e+01 5.621000000000000441e+00 9.168092999999999382e-01 1.059782000000000002e+00
6.618942399999999907e+03 8.506683600000000297e+03 4.429000000000000270e+00 2.225999999999999979e+00 2.253000000000000114e+01 6.235000000000000320e+00 1.183643000000000001e+00 1.178619000000000083e+00
4.505054699999999684e+03 8.516720699999999852e+03 2.278999999999999915e+00 2.134999999999999787e+00 1.605999999999999872e+01 4.480999999999999872e+00 1.053274000000000044e+00 8.184993999999999881e-01
3.192049799999999777e+03 8.503752899999999499e+03 2.878000000000000114e+00 1.995000000000000107e+00 -7.581999999999999318e+01 5.121000000000000441e+00 1.132708999999999966e+00 8.933186999999999101e-01
2.194206499999999778e+03 8.490690399999999499e+03 5.246999999999999886e+00 2.048000000000000043e+00 -7.673999999999999488e+01 5.375000000000000000e+00 9.916790000000000882e-01 1.031515999999999877e+00
7.064530300000000352e+03 8.489412099999999555e+03 2.896999999999999797e+00 2.125000000000000000e+00 2.478999999999999915e+01 4.508000000000000007e+00 1.168100000000000138e+00 1.195220000000000171e+00
2.307185100000000148e+03 8.487513699999999517e+03 3.132000000000000117e+00 2.056999999999999940e+00 -5.282999999999999829e+01 4.775000000000000355e+00 1.244880999999999904e+00 9.623384000000000382e-01
2.637144499999999880e+03 8.540873999999999796e+03 3.365000000000000213e+00 1.721000000000000085e+00 -1.787000000000000099e+01 5.895999999999999908e+00 1.069814999999999960e+00 8.363596999999999282e-01
4.165082000000000335e+03 8.470929700000000594e+03 2.309000000000000163e+00 1.887000000000000011e+00 -4.647999999999999687e+01 4.025000000000000355e+00 1.001890000000000169e+00 7.752269000000000521e-01
6.669972700000000259e+03 8.451695299999999406e+03 2.943999999999999950e+00 1.893999999999999906e+00 -2.060000000000000142e+01 4.147999999999999687e+00 9.532473999999999670e-01 1.203435000000000032e+00
6.703239300000000185e+03 8.442443400000000111e+03 2.782000000000000028e+00 2.309000000000000163e+00 2.607000000000000028e+01 4.842999999999999972e+00 1.058684999999999876e+00 1.136055000000000037e+00
3.102197799999999916e+03 8.438890600000000632e+03 2.355999999999999872e+00 1.832000000000000073e+00 -9.599999999999999645e+00 4.227999999999999758e+00 9.339361999999999941e-01 7.688462999999999825e-01
7.550694300000000112e+03 8.522202100000000428e+03 3.178999999999999826e+00 2.009999999999999787e+00 -5.014999999999999858e+01 4.551000000000000156e+00 1.168465000000000087e+00 2.019594000000000111e+00
3.719302700000000186e+03 8.542741200000000390e+03 2.771999999999999797e+00 2.621999999999999886e+00 8.910999999999999943e+01 7.456000000000000405e+00 1.184468999999999994e+00 1.007355000000000000e+00
3.300504199999999855e+03 8.550990200000000186e+03 2.763999999999999790e+00 2.255999999999999783e+00 -7.198000000000000398e+01 4.939000000000000057e+00 9.700201999999999991e-01 8.933186999999999101e-01
5.390481899999999769e+03 8.553001000000000204e+03 3.803999999999999826e+00 1.288000000000000034e+00 1.233000000000000007e+01 4.451999999999999957e+00 1.238226000000000049e+00 8.063728000000000007e-01
7.451112299999999777e+03 8.549307600000000093e+03 2.503000000000000114e+00 1.913999999999999924e+00 -2.380999999999999872e+01 6.514999999999999680e+00 1.081053999999999959e+00 8.124586999999999781e-01
5.603662099999999555e+03 8.457075199999999313e+03 4.115000000000000213e+00 2.244000000000000217e+00 -2.378999999999999915e+01 7.275000000000000355e+00 9.810399000000000758e-01 1.059782000000000002e+00
6.715639600000000428e+03 8.551598599999999351e+03 3.217999999999999972e+00 2.067000000000000171e+00 1.430000000000000071e+01 3.306000000000000050e+00 1.265873000000000026e+00 1.386057000000000095e+00
5.862277299999999741e+03 8.536016600000000835e+03 3.362000000000000099e+00 2.033999999999999808e+00 -4.989999999999999858e+01 5.990999999999999659e+00 1.215860999999999859e+00 1.259438000000000057e+00
5.781139600000000428e+03 8.544665999999999258e+03 2.641000000000000014e+00 1.836999999999999966e+00 6.360000000000000320e+00 5.469000000000000306e+00 1.002771999999999997e+00 1.002453000000000038e+00
2.742327900000000227e+03 8.549406199999999444e+03 3.435000000000000053e+00 1.977999999999999980e+00 6.019999999999999574e+00 6.004999999999999893e+00 1.029951999999999979e+00 1.251591000000000120e+00
6.794223100000000159e+03 8.550813500000000204e+03 2.341000000000000192e+00 2.064999999999999947e+00 3.646999999999999886e+01 3.658999999999999808e+00 1.251017000000000046e+00 8.304489000000000454e-01
5.020489300000000185e+03 8.519429700000000594e+03 3.563000000000000167e+00 2.919999999999999929e+00 1.168999999999999950e+01 6.722999999999999865e+00 1.016048000000000062e+00 1.475570999999999966e+00
1.148144700000000057e+03 8.331944299999999203e+03 2.979999999999999982e+00 1.816000000000000059e+00 -5.946999999999999886e+01 5.206999999999999851e+00 1.287190999999999974e+00 8.766197000000000017e-01
6.258183100000000195e+03 8.544510700000000725e+03 4.533999999999999808e+00 1.534000000000000030e+00 -2.144000000000000128e+01 5.592999999999999972e+00 1.091409000000000074e+00 9.572059000000000539e-01
3.440910600000000159e+03 8.531005900000000111e+03 2.838999999999999968e+00 1.604999999999999982e+00 -2.628000000000000114e+01 5.094999999999999751e+00 1.088827999999999907e+00 7.815554000000000112e-01
2.341504399999999805e+03 8.550879899999999907e+03 4.408999999999999808e+00 1.816000000000000059e+00 -3.485999999999999943e+01 5.128000000000000114e+00 1.046824999999999894e+00 9.826004000000000405e-01
3.388043000000000120e+03 8.546156199999999444e+03 2.326000000000000068e+00 2.000999999999999890e+00 -7.687000000000000455e+01 4.205000000000000071e+00 1.004967999999999861e+00 9.775743000000000071e-01
7.594737299999999777e+03 8.541003899999999703e+03 5.193999999999999950e+00 2.028999999999999915e+00 -5.167000000000000171e+01 5.807999999999999829e+00 1.392103000000000090e+00 1.309298000000000073e+00
2.732872100000000046e+03 8.526416999999999462e+03 3.595000000000000195e+00 1.973000000000000087e+00 1.543999999999999950e+01 4.953999999999999737e+00 8.916841000000000905e-01 1.282691000000000026e+00
3.313263199999999870e+03 8.550621100000000297e+03 4.123999999999999666e+00 1.834999999999999964e+00 2.982999999999999829e+01 4.014999999999999680e+00 1.136655999999999889e+00 9.725222000000000033e-01
2.891790300000000116e+03 8.550755900000000111e+03 3.463000000000000078e+00 2.920999999999999819e+00 -5.902000000000000313e+01 7.666000000000000369e+00 9.709706000000000170e-01 1.722054999999999891e+00
1.762891699999999901e+03 8.540297899999999572e+03 3.498000000000000220e+00 1.754000000000000004e+00 7.251000000000000512e+01 3.939000000000000057e+00 9.872090000000000032e-01 1.251591000000000120e+00
